360.04553,505.0946,180.02277,951.5189,496.61224,910.6952,659.1866,1403.9521,859.2417,822.669,1701.5197,1904.1553,1391.1746,2007.1567,2364.9854,1762.6096,2091.7573,2558.436,2476.824,2075.4878,2702.1204,2754.582,2338.6704,1792.2865,2425.8396,2441.8372,2224.8608,2022.6108,2449.751,1436.802,1376.4948,1629.915,1167.2825,1521.2169,1835.9485,2346.7786,2309.149,2111.7756,2319.9712,2138.6028,2432.1365,2471.454,2752.8257,2795.7798,2796.1785,2986.4575,3087.1162,2955.272,2769.8647,2325.627,1984.6532,2279.0176,2153.9458,2477.9265,2291.4478,2787.3135,2677.4746,2521.4272,2482.195,3016.1982,2618.6348,3587.3633,3448.98,3641.2725,3977.9492,4407.679,1692.6106,1828.8265,1860.0813,2593.7612,2763.1438,3092.8503,3084.9429,3326.3914,3775.2456,4076.5383,3655.7275,3531.043,3639.6064,3923.7314,3987.0728,3362.6528,2901.0173,1643.0256,3444.0764,3615.459,3258.1914,2805.6826,3090.1653,3029.0703,2302.024,1852.1241,3084.0059,3116.9202,3250.6582,3497.2844,2697.494,2713.1978,3266.4414,3104.6392,3410.739,3613.1882,4023.04,4356.121,3739.1594,3550.7083,3225.347,2916.0608,2749.283,2759.9126,3027.7737,3367.4983,3333.0547,3890.173,3399.0364,2604.1982,2628.8557,2241.616,2309.8035,2620.5144,2880.5562,3026.5398,3137.5305,3099.091,3294.5034,3438.06,3842.0852,2535.6907,2828.54,3147.7244,1972.9348,2239.233,2282.655,3457.7732,3281.809,4216.326,3875.062,1806.4298,3301.7693,3711.0986,3539.8271,3249.505,2943.2925,2710.2969,2696.7832,3028.3564,4250.374,3460.446,3696.1003,3850.8843,4025.5764,4210.883,4172.9478,3652.7942,2400.782,2108.0693
505.0946,892.84863,685.1174,446.42432,1001.70685,896.86456,1164.2812,1390.1216,1364.3364,1327.7637,1687.6891,1890.3247,1896.2692,2039.7374,2800.0332,2267.704,2596.8518,2606.5823,2688.1943,2580.5823,3207.215,3259.6768,2843.7651,2297.3813,2930.9343,2946.932,2729.9556,2527.7056,2954.8457,1941.8967,1881.5895,2135.0098,1672.3772,2026.3116,1822.1179,2332.948,2295.3184,2097.945,2306.1406,2124.7722,2418.306,2976.5488,3257.9204,3300.8745,3301.2732,3491.5522,3592.211,3460.3667,3274.9595,2830.722,2489.748,2784.1125,2659.0405,2983.0212,2796.5425,3292.4082,3182.5693,3026.522,2987.2898,3521.293,3123.7295,4092.458,3954.0747,4146.367,4483.044,4912.774,2197.7053,2333.9211,2365.176,2579.9307,2749.3132,3079.0198,3071.1123,3312.5608,3761.415,4581.633,4160.8223,4036.1377,4144.701,4428.8257,4492.1675,3867.7476,3406.112,2148.1204,3949.1711,4120.5537,3763.2861,3310.7778,3595.2603,3534.165,2807.1187,2357.219,3589.1006,3622.015,3755.753,4002.3792,3202.5886,3218.2925,3771.5361,3609.734,3915.8337,4118.2827,4528.135,4861.216,4244.254,4055.803,3730.4417,3421.1555,3254.3777,3265.0073,3532.8684,3872.593,3838.1494,4395.268,3904.131,3109.293,3133.9504,2746.7107,2814.8982,3125.6091,3385.651,3531.6345,3642.6252,3604.1858,3799.5981,3943.1548,4347.1797,3040.7854,3333.6348,3652.819,2478.0295,2744.3276,2787.7498,3443.9426,3267.9785,4721.421,4380.1567,2311.5247,3806.864,4216.1934,4044.9219,3754.5996,3448.3875,3215.3918,3201.878,3533.4512,4236.5435,3965.5408,4201.1953,4355.9795,4530.672,4715.9785,4678.042,4157.8887,2905.877,2613.1643
180.02277,685.1174,360.04553,1131.5417,316.58948,730.6725,479.16382,1223.9294,679.21893,642.64624,1521.497,1724.1326,1211.1517,1827.1339,2184.9624,1582.5868,1911.7345,2378.4133,2296.8013,1895.4648,2522.0977,2574.559,2158.6477,1612.2637,2245.817,2261.8145,2044.8381,1842.588,2269.728,1256.7792,1196.4719,1449.8921,987.25964,1341.1941,1655.9258,2166.7559,2129.1265,1931.7529,2139.9485,1958.5801,2252.1138,2291.4314,2572.803,2615.7573,2616.1558,2806.4346,2907.0933,2775.249,2589.8418,2145.6042,1804.6304,2098.9949,1973.9231,2297.9038,2111.4248,2607.2908,2497.4517,2341.4043,2302.1724,2836.1753,2438.612,3407.3403,3268.957,3461.2498,3797.9263,4227.6562,1512.5878,1648.8037,1680.0585,2413.7385,2583.121,2912.8276,2904.9202,3146.3687,3595.223,3896.5154,3475.7046,3351.02,3459.5835,3743.7085,3807.0498,3182.6301,2720.9946,1463.0028,3264.0535,3435.436,3078.1685,2625.6602,2910.1426,2849.0474,2122.001,1672.1013,2903.983,2936.8972,3070.6353,3317.2615,2517.4712,2533.1748,3086.4185,2924.6162,3230.716,3433.1653,3843.017,4176.098,3559.1365,3370.6853,3045.324,2736.0378,2569.26,2579.8896,2847.7507,3187.4753,3153.0317,3710.1504,3219.0137,2424.1755,2448.833,2061.5933,2129.7808,2440.4917,2700.5332,2846.5168,2957.5076,2919.068,3114.4805,3258.037,3662.0623,2355.6677,2648.517,2967.7017,1792.912,2059.21,2102.6323,3277.7505,3101.7864,4036.3032,3695.039,1626.407,3121.7463,3531.0757,3359.8042,3069.482,2763.2698,2530.2742,2516.7603,2848.3335,4070.351,3280.423,3516.0776,3670.8616,3845.5537,4030.8604,3992.9248,3472.7715,2220.7593,1928.0466
951.5189,446.42432,1131.5417,892.84863,864.5232,450.44025,1027.0977,943.69727,1227.1528,1190.5801,1241.2648,1443.9004,1759.0856,1593.3131,2353.609,2130.5205,2459.6682,2160.158,2241.77,2443.3987,3070.0315,3122.4932,2706.5815,2160.1978,2793.7507,2809.7483,2592.772,2390.522,2817.662,1804.7131,1744.4059,1997.8262,1535.1936,1889.128,1375.6936,1886.5237,1848.8942,1651.5208,1859.7163,1678.3479,1971.8816,2839.3652,3120.7368,3163.691,3164.0896,3354.3687,3455.0273,3323.183,3137.776,2693.5383,2352.5645,2646.929,2521.857,2845.8376,2659.359,3155.2246,3045.3857,2889.3384,2850.1062,3384.1094,2986.546,3955.2744,3816.891,4009.1836,4345.8604,4775.5903,2060.5217,2196.7375,2227.9924,2133.5063,2302.889,2632.5955,2624.688,2866.1365,3314.9907,4444.449,4023.6387,3898.954,4007.5176,4291.642,4354.984,3730.564,3268.9285,2010.9368,3811.9875,3983.37,3626.1025,3173.5942,3458.0767,3396.9814,2669.935,2220.0354,3451.917,3484.8313,3618.5693,3865.1956,3065.405,3081.109,3634.3525,3472.5503,3778.6501,3981.0994,4390.951,4724.032,4107.0703,3918.6194,3593.258,3283.972,3117.194,3127.8237,3395.6848,3735.4094,3700.9658,4258.0845,3766.9475,2972.1094,2996.7668,2609.527,2677.7146,2988.4255,3248.4673,3394.451,3505.4417,3467.0022,3662.4146,3805.9712,4209.996,2903.6018,3196.4512,3515.6355,2340.846,2607.144,2650.5662,2997.5183,2821.5542,4315.9883,4242.973,2174.341,3669.6804,4079.0098,3907.7383,3617.416,3311.2039,3078.2083,3064.6943,3396.2676,3790.1191,3828.3572,4064.0115,4218.7954,4393.488,4578.7944,4540.859,4020.7053,2768.6934,2475.9807
496.61224,1001.70685,316.58948,864.5232,325.14868,414.08298,162.57434,907.33997,362.62946,326.05676,1204.9075,1407.543,894.56226,1510.5444,1868.3729,1265.9973,1595.145,2061.8237,1980.2117,1578.8755,2205.508,2257.9697,1842.0582,1295.6742,1929.2273,1945.2249,1728.2487,1525.9985,1953.1387,940.1897,879.88245,1133.3027,670.67017,1024.6046,1339.3363,1850.1665,1812.537,1615.1636,1823.3591,1641.9907,1935.5244,1974.8418,2256.2134,2299.1675,2299.5662,2489.8452,2590.504,2458.6597,2273.2524,1829.0148,1488.0409,1782.4054,1657.3336,1981.3142,1794.8353,2290.7012,2180.8623,2024.815,1985.5828,2519.586,2122.0225,3090.751,2952.3677,3144.6602,3481.337,3911.067,1195.9983,1332.2142,1363.469,2097.1492,2266.5317,2596.2383,2588.3308,2829.7793,3278.6335,3579.926,3159.1152,3034.4307,3142.9941,3427.1191,3490.4604,2866.0405,2404.405,1146.4133,2947.4639,3118.8464,2761.579,2309.0703,2593.553,2532.458,1805.4116,1355.5118,2587.3936,2620.3079,2754.046,3000.6719,2200.8816,2216.5854,2769.829,2608.0269,2914.1267,3116.576,3526.4277,3859.5085,3242.5469,3054.0957,2728.7344,2419.4485,2252.6707,2263.3003,2531.1614,2870.886,2836.4424,3393.5608,2902.424,2107.586,2132.2434,1745.0037,1813.1912,2123.902,2383.9438,2529.9275,2640.9182,2602.4788,2797.891,2941.4478,3345.473,2039.0784,2331.9277,2651.112,1476.3225,1742.6205,1786.0427,2961.1611,2785.197,3719.7139,3378.4497,1309.8175,2805.1567,3214.4863,3043.2148,2752.8926,2446.6802,2213.6846,2200.171,2531.7441,3753.7617,2963.8337,3199.488,3354.272,3528.964,3714.2708,3676.3354,3156.182,1904.1696,1611.457
910.6952,896.86456,730.6725,450.44025,414.08298,828.16595,576.65735,493.257,776.71246,740.1398,790.82446,993.46,1308.6453,1142.8728,1903.1686,1680.0803,2009.228,1709.7178,1791.3298,1992.9585,2619.591,2672.0527,2256.141,1709.7572,2343.3103,2359.3079,2142.3315,1940.0815,2367.2217,1354.2727,1293.9655,1547.3857,1084.7532,1438.6876,925.2533,1436.0835,1398.454,1201.0806,1409.2761,1227.9077,1521.4414,2388.9248,2670.2964,2713.2505,2713.6492,2903.9282,3004.587,2872.7427,2687.3354,2243.0977,1902.1239,2196.4883,2071.4165,2395.3972,2208.9185,2704.7842,2594.9453,2438.898,2399.6658,2933.669,2536.1055,3504.834,3366.4507,3558.7432,3895.42,4325.15,1610.0813,1746.2972,1777.552,1683.066,1852.4487,2182.1553,2174.2478,2415.6963,2864.5505,3994.009,3573.1982,3448.5137,3557.0771,3841.2021,3904.5435,3280.1235,2818.488,1560.4963,3361.547,3532.9297,3175.662,2723.1533,3007.636,2946.541,2219.4946,1769.5948,3001.4766,3034.3909,3168.129,3414.7551,2614.9646,2630.6685,3183.912,3022.1099,3328.2097,3530.659,3940.5107,4273.592,3656.6301,3468.179,3142.8176,2833.5315,2666.7537,2677.3833,2945.2444,3284.969,3250.5254,3807.6438,3316.507,2521.669,2546.3264,2159.0867,2227.2742,2537.985,2798.0269,2944.0105,3055.0012,3016.5618,3211.974,3355.5308,3759.556,2453.1614,2746.0107,3065.195,1890.4055,2156.7036,2200.1257,2547.0781,2371.114,3865.5476,3792.5327,1723.9005,3219.24,3628.5693,3457.2979,3166.9756,2860.7632,2627.7676,2614.254,2945.8271,3339.6787,3377.9167,3613.571,3768.355,3943.047,4128.3535,4090.4185,3570.265,2318.2527,2025.54
659.1866,1164.2812,479.16382,1027.0977,162.57434,576.65735,325.14868,1069.9143,200.05511,163.48244,1367.4818,1497.3829,731.9879,1347.9701,1705.7986,1103.423,1432.5707,1899.2495,1817.6375,1416.301,2042.9337,2095.3953,1679.4839,1133.0999,1766.653,1782.6505,1565.6743,1363.4242,1790.5643,777.61536,717.3081,970.72833,508.09583,862.0303,1501.9106,1940.0063,1902.3768,1705.0034,1985.9333,1804.565,2098.0986,1812.2675,2093.639,2136.5933,2136.9917,2327.2708,2427.9294,2296.0852,2110.678,1666.4404,1325.4666,1619.831,1494.7593,1818.74,1632.261,2128.127,2018.288,1862.2406,1823.0084,2357.0117,1959.4482,2928.1768,2789.7932,2982.086,3318.7625,3748.4927,1033.424,1169.6399,1200.8947,2186.989,2429.106,2758.8125,2750.905,2992.3535,3441.2078,3417.3518,2996.541,2871.8564,2980.42,3264.545,3327.886,2703.4663,2241.8306,983.839,2784.8896,2956.2722,2599.0046,2146.496,2430.9788,2369.8835,1642.8373,1192.9375,2424.819,2457.7336,2591.4714,2838.0977,2038.3073,2054.0112,2607.255,2445.4526,2751.5525,2954.0017,3363.8535,3696.9343,3079.9727,2891.5215,2566.1602,2256.874,2090.0962,2100.726,2368.5872,2708.3118,2673.8682,3230.9863,2739.8496,1945.0116,1969.6691,1582.4293,1650.6168,1961.3278,2221.3696,2367.3533,2478.344,2439.9045,2635.317,2778.8735,3182.8987,1876.5039,2169.3535,2488.5376,1313.7482,1580.0461,1623.4684,3123.7354,2947.7712,3557.1396,3215.8752,1147.2432,2642.5825,3051.9119,2880.6406,2590.3184,2284.106,2051.1104,2037.5966,2369.17,3916.336,2801.2595,3036.9136,3191.6975,3366.3896,3551.6963,3513.7607,2993.6074,1741.5953,1448.8828
1403.9521,1390.1216,1223.9294,943.69727,907.33997,493.257,1069.9143,595.135,1269.9695,1233.3967,297.5675,500.20306,1265.5981,649.6159,1409.9116,1637.0331,1683.1394,1216.4607,1298.0728,1782.0095,3112.8481,3165.3096,2749.3984,2203.0142,2836.5674,2852.565,2635.5889,2433.3386,2860.4788,1847.5298,1787.2225,2040.6428,1578.0103,1931.9447,431.99634,942.82654,905.19696,707.82355,916.01917,734.6507,1028.1844,2882.182,3163.5535,3206.5078,3206.9062,3397.185,3497.8438,3365.9998,3180.5925,2736.355,2395.381,2689.7456,2564.6736,2888.6543,2702.1753,3198.0415,3088.2024,2932.1553,2892.9229,3426.926,3029.3625,3998.091,3859.7075,4052.0002,4388.677,4818.407,2103.3384,2239.5542,2270.809,1189.8091,1359.1917,1688.8981,1680.9906,1922.4392,2371.2935,3512.0786,3932.8892,3941.7705,4050.3342,4334.459,4397.8003,3773.3806,3311.745,2053.7534,3854.804,4026.1865,3668.919,3216.4106,3500.8933,3439.7983,2712.7517,2262.852,3494.7336,3527.6482,3661.3857,3908.012,3108.2217,3123.9255,3677.1692,3515.367,3821.4668,4023.916,4433.7676,4766.8486,4149.8867,3961.4358,3636.0745,3326.7883,3160.0105,3170.6404,3438.5015,3778.226,3743.7825,4300.901,3809.7642,3014.926,3039.5835,2652.3438,2720.5312,3031.2422,3291.284,3437.2676,3548.2583,3509.8188,3705.2312,3848.7878,4252.813,2946.4182,3239.2676,3558.4521,2383.6626,2649.9604,2693.3828,2053.821,1877.8569,3372.2908,4285.7896,2217.1577,3712.4968,4121.826,3950.5552,3660.233,3354.0205,3121.025,3107.5112,3439.0845,2846.4219,3871.1738,4106.828,4261.6123,4436.3047,4621.6113,4583.6753,4063.522,2811.51,2518.7974
859.2417,1364.3364,679.21893,1227.1528,362.62946,776.71246,200.05511,1269.9695,400.11023,277.93918,1567.537,1611.8397,846.4447,1462.4269,1728.0188,1217.8798,1454.791,1921.4697,1839.8577,1355.9207,1842.8787,1895.3401,1479.4287,933.04474,1566.5979,1582.5955,1365.6191,1163.3691,1590.5093,577.56024,517.2529,770.6732,308.0407,661.97516,1680.0464,2054.4631,2016.8336,1819.4602,2164.069,1982.7007,2276.2344,1612.2124,1893.5839,1936.5382,1936.9368,2127.2158,2227.8745,2096.0303,1910.623,1466.3855,1125.4115,1419.7761,1294.7042,1618.6848,1432.2059,1928.0719,1818.2329,1662.1855,1622.9534,2156.9565,1759.3931,2728.1216,2589.7383,2782.0308,3118.7075,3548.4375,833.36896,969.58484,1000.8396,2301.4458,2607.2417,2936.9482,2929.0408,3170.4893,3619.3435,3217.2964,2796.4858,2671.8008,2780.3645,3064.4895,3127.8308,2503.4111,2041.7756,783.78394,2584.8345,2756.217,2398.9495,1946.4412,2230.9238,2169.8286,1442.7822,992.88245,2224.7642,2257.6785,2391.4163,2638.0425,1838.2522,1853.956,2407.1997,2245.3975,2551.4973,2753.9465,3163.7983,3496.8792,2879.9175,2691.4663,2366.105,2056.8188,1890.041,1900.6709,2168.532,2508.2566,2473.8127,3030.9314,2539.7947,1744.9565,1769.614,1382.3743,1450.5618,1761.2727,2021.3143,2167.2979,2278.2886,2239.849,2435.2615,2578.818,2982.8433,1676.4487,1969.2982,2288.4827,1113.6931,1379.991,1423.4133,3301.871,3125.907,3357.084,3015.82,947.1882,2442.5273,2851.8567,2680.5854,2390.2632,2084.0508,1851.0553,1837.5415,2169.1147,3882.953,2601.204,2836.8586,2991.6426,3166.3347,3351.6414,3313.706,2793.5525,1541.5403,1248.8278
822.669,1327.7637,642.64624,1190.5801,326.05676,740.1398,163.48244,1233.3967,277.93918,326.96487,1530.9642,1333.9005,568.5055,1184.4877,1542.3162,939.94055,1269.0883,1735.7671,1654.155,1252.8186,2120.8179,2173.2793,1757.3679,1210.9839,1844.537,1860.5345,1643.5583,1441.3082,1868.4484,855.4994,795.19214,1048.6123,585.97986,939.9143,1402.1072,1776.5239,1738.8944,1541.521,1886.1299,1704.7615,1998.2952,1890.1515,2171.523,2214.4773,2214.876,2405.1548,2505.8135,2373.9692,2188.562,1744.3245,1403.3506,1697.7151,1572.6433,1896.624,1710.145,2206.011,2096.1719,1940.1246,1900.8925,2434.8955,2037.3323,3006.0605,2867.6772,3059.9697,3396.6465,3826.3765,1111.308,1247.5239,1278.7787,2023.5065,2329.3025,2659.009,2651.1016,2892.55,3341.4043,3495.2356,3074.4248,2949.7402,3058.3037,3342.4287,3405.77,2781.35,2319.7146,1061.723,2862.7737,3034.1562,2676.8887,2224.3804,2508.8628,2447.7676,1720.7213,1270.8215,2502.7031,2535.6174,2669.3555,2915.9817,2116.1914,2131.895,2685.1387,2523.3364,2829.4363,3031.8855,3441.7373,3774.818,3157.8567,2969.4055,2644.0442,2334.758,2167.9802,2178.6099,2446.471,2786.1956,2751.752,3308.8706,2817.734,2022.8956,2047.5531,1660.3134,1728.5009,2039.2118,2299.2534,2445.237,2556.2278,2517.7883,2713.2007,2856.7573,3260.7825,1954.388,2247.2373,2566.4219,1391.6322,1657.9302,1701.3524,3023.932,2847.9678,3635.0234,3293.7593,1225.1272,2720.4666,3129.796,2958.5244,2668.2021,2361.99,2128.9944,2115.4805,2447.0537,3816.5327,2879.1433,3114.7979,3269.5818,3444.274,3629.5806,3591.645,3071.4917,1819.4794,1526.7668
1701.5197,1687.6891,1521.497,1241.2648,1204.9075,790.82446,1367.4818,297.5675,1567.537,1530.9642,268.85764,202.63554,968.0306,352.04837,1112.344,1339.4656,1385.572,918.8932,1000.50525,1484.4421,3410.4155,3462.877,3046.9658,2500.5815,2865.6143,3150.1323,2933.1562,2462.3857,2889.5256,2145.0972,2084.7898,2069.6897,1875.5776,2229.5122,134.42882,645.25903,607.62946,410.25604,618.45166,437.0832,730.61694,2911.2288,3192.6003,3235.5547,3379.6016,3426.232,3526.8906,3663.5671,3478.16,3033.9224,2692.9485,2987.313,2862.241,3186.2217,2999.7427,3495.609,3385.7698,3229.7227,3190.4902,3724.4934,3326.93,4295.658,4157.275,4349.5674,4686.244,5115.9746,2400.9058,2537.1216,2568.3765,892.2416,1061.6243,1391.3307,1383.4232,1624.8718,2073.726,3214.5112,3635.3218,3760.0066,3868.5703,4173.464,4695.3677,4070.948,3609.3125,2351.3208,4152.371,4323.754,3966.4863,3513.978,3798.4607,3737.3657,3010.319,2560.4194,3792.301,3825.2156,3958.9531,4023.5095,3137.2688,3421.493,3974.7366,3812.9343,4119.034,4321.4834,4731.335,5064.416,4447.454,4259.003,3933.6418,3624.3557,3457.578,3468.2078,3736.0688,4075.7935,4041.3499,4598.4683,4107.3315,3312.4934,3337.151,2949.9111,3018.0986,3328.8096,3588.8513,3734.835,3845.8257,3807.3862,4002.7986,4146.355,4255.1104,3243.9856,3536.835,3587.4993,2681.23,2947.5278,2722.4297,1756.2535,1580.2896,3074.7234,4583.357,2514.725,4010.0642,4419.3936,4248.1226,3957.8003,3651.588,3418.5923,3405.0786,3736.6519,2548.8545,4168.741,4404.3955,4559.1797,4733.872,4919.1787,4881.2427,4361.0894,3109.0774,2816.3647
1904.1553,1890.3247,1724.1326,1443.9004,1407.543,993.46,1497.3829,500.20306,1611.8397,1333.9005,202.63554,136.41345,765.395,149.41283,909.7085,1136.8301,1182.9364,716.2576,797.8697,1281.8065,3446.1,3498.5615,3082.6504,2536.266,2662.9788,3185.817,2968.8408,2259.7502,2686.8901,2180.7817,2120.4744,1867.0541,1919.8804,2273.815,68.206726,442.62347,404.9939,207.6205,552.2295,370.86108,664.39484,2708.5933,2989.9648,3032.919,3176.966,3223.5967,3324.2554,3647.3728,3513.8445,3069.607,2728.633,3022.9976,2897.9255,3221.9062,3035.4272,3451.663,3341.8242,3265.4072,3226.1748,3760.178,3362.6145,4331.343,4192.9595,4385.252,4721.9287,5151.659,2436.5903,2572.8062,2604.061,689.606,995.4021,1325.1085,1317.201,1558.6497,2007.5039,3148.289,3569.0996,3693.7844,3802.3481,4107.242,4731.0522,4106.633,3644.997,2387.0054,4188.0557,4359.4385,4002.171,3549.6626,3834.1453,3773.0503,3046.0037,2596.104,3827.9856,3860.9001,3994.6377,3820.874,2934.6333,3457.1775,4010.4211,3848.619,4154.7188,4357.168,4767.0195,5100.1006,4483.1387,4294.6875,3969.3264,3660.0403,3493.2625,3503.8923,3771.7534,4111.478,4077.0344,4634.153,4143.016,3348.178,3372.8354,2985.5957,3053.7832,3364.4941,3624.536,3770.5195,3881.5103,3843.0708,4038.4832,4182.0396,4188.888,3279.6702,3572.5195,3384.8638,2716.9146,2983.2124,2519.7942,1690.0314,1514.0674,3008.5012,4619.0415,2550.4097,4045.7488,4455.078,4283.807,3993.4849,3687.2725,3454.2769,3440.7632,3772.3364,2482.6323,4204.426,4440.08,4594.8643,4769.5566,4954.8633,4916.9272,4396.774,3144.762,2852.0493
1391.1746,1896.2692,1211.1517,1759.0856,894.56226,1308.6453,731.9879,1265.5981,846.4447,568.5055,968.0306,765.395,742.8701,615.9822,973.81067,371.43506,700.58276,1167.2615,1085.6494,684.3132,2689.3232,2741.7847,2325.8735,1779.4894,2065.4854,2429.04,2212.064,1662.2566,2089.3965,1424.0049,1363.6976,1269.5607,1154.4854,1508.4198,833.60175,1208.0184,1170.3889,973.0155,1317.6245,1136.2561,1429.7898,2111.0999,2392.4712,2435.4255,2579.4727,2626.103,2726.7617,2942.4746,2757.0674,2312.83,1971.8561,2266.2207,2141.1487,2465.1294,2278.6504,2774.5166,2664.6775,2508.6301,2469.398,3003.4011,2605.8376,3574.5662,3436.1826,3628.4753,3965.1519,4394.882,1679.8135,1816.0294,1847.2842,1455.001,1760.7971,2090.5037,2082.5962,2324.0447,2772.899,3913.684,3642.9307,3518.2456,3626.8093,3910.9343,3974.2754,3349.8557,2888.2202,1630.2285,3431.279,3602.6616,3245.394,2792.8857,3077.3682,3016.273,2289.2268,1839.327,3071.2085,3104.123,3237.8608,3223.3804,2337.1396,2700.4006,3253.6443,3091.842,3397.942,3600.391,4010.243,4343.3237,3726.362,3537.911,3212.5496,2903.2634,2736.4856,2747.1155,3014.9766,3354.7012,3320.2576,3877.376,3386.2393,2591.4011,2616.0586,2228.8188,2297.0063,2607.7173,2867.759,3013.7427,3124.7334,3086.294,3281.7063,3425.263,3829.288,2522.8933,2815.7427,2787.37,1960.1377,2226.4355,1922.3007,2455.4265,2279.4624,3773.8962,3862.2646,1793.6327,3288.972,3698.3013,3527.0298,3236.7075,2930.4954,2697.4998,2683.986,3015.5593,3248.0273,3447.649,3683.3032,3838.0872,4012.7793,4198.086,4160.1504,3639.997,2387.9849,2095.2722
2007.1567,2039.7374,1827.1339,1593.3131,1510.5444,1142.8728,1347.9701,649.6159,1462.4269,1184.4877,352.04837,149.41283,615.9822,298.82565,1059.1213,987.41724,1316.565,865.6705,947.28253,1300.2954,3305.3054,3357.767,2941.8555,2395.4717,2681.4675,3045.0222,2828.046,2278.2388,2705.379,2039.987,1979.6798,1885.543,1770.4675,2124.4019,217.61955,592.03625,554.40674,357.03333,701.64233,520.2739,813.8077,2727.082,3008.4536,3051.4077,3195.4548,3242.0854,3342.7441,3558.457,3373.0498,2928.8123,2587.8384,2882.203,2757.1309,3081.1116,2894.6328,3390.4985,3280.6597,3124.6123,3085.3801,3619.3833,3221.8198,4190.5483,4052.165,4244.4575,4581.1343,5010.8643,2295.7957,2432.0115,2463.2664,839.0188,1144.815,1474.5214,1466.6139,1708.0625,2156.9167,3297.7017,3718.5122,3843.197,3951.7607,4256.6543,4590.258,3965.838,3504.2024,2246.2107,4047.2615,4218.644,3861.3765,3408.8682,3693.3506,3632.2554,2905.209,2455.3093,3687.191,3720.1052,3853.8433,3839.3628,2953.122,3316.3828,3869.6265,3707.8242,4013.924,4216.373,4626.225,4959.306,4342.3447,4153.8936,3828.532,3519.2458,3352.468,3363.0977,3630.9587,3970.6833,3936.2397,4493.358,4002.2214,3207.3833,3232.0408,2844.801,2912.9885,3223.6995,3483.7412,3629.7249,3740.7156,3702.2761,3897.6885,4041.245,4338.301,3138.8757,3431.725,3403.3525,2576.1199,2842.418,2538.283,1839.4442,1663.4802,3157.9138,4478.247,2409.615,3904.9543,4314.2837,4143.012,3852.69,3546.4778,3313.4822,3299.9683,3631.5415,2632.045,4063.631,4299.285,4454.0693,4628.7617,4814.0684,4776.133,4255.9795,3003.9673,2711.2546
2364.9854,2800.0332,2184.9624,2353.609,1868.3729,1903.1686,1705.7986,1409.9116,1728.0188,1542.3162,1112.344,909.7085,973.81067,1059.1213,223.67758,602.3756,273.2279,193.45084,111.83879,372.09805,2536.3916,2588.853,2172.9417,1626.5576,1753.2701,2276.1084,2059.132,1350.0415,1777.1815,1271.0731,1210.7659,957.3456,1419.978,1773.9125,977.9152,467.08502,772.43115,702.088,1461.938,1280.5696,1574.1033,1798.8846,2080.256,2123.2104,2267.2576,2313.888,2414.5466,2737.664,2604.1357,2159.8984,1818.9244,2113.289,1988.2172,2312.1978,2125.7188,2541.9546,2432.1157,2355.6985,2316.4663,2850.4695,2452.906,3421.6345,3283.251,3475.5437,3812.2202,4241.95,1526.8818,1663.0978,1694.3525,1184.0735,1905.1106,2234.8171,2226.9097,2468.3582,2917.2124,3910.8096,3489.999,3365.314,3473.8777,3758.0027,3821.3438,3196.924,2735.2886,1477.2969,3278.3474,3449.73,3092.4624,2639.954,2924.4365,2863.3413,2136.2952,1686.3954,2918.2769,2951.1914,3084.9292,2911.1653,2024.9246,2547.4688,3100.7124,2938.9102,3245.01,3447.4592,3857.311,4190.392,3573.4304,3384.9792,3059.618,2750.3318,2583.554,2594.1838,2862.045,3201.7695,3167.326,3724.4443,3233.3076,2438.4695,2463.127,2075.8872,2144.0747,2454.7856,2714.8274,2860.811,2971.8018,2933.3623,3128.7747,3272.3313,3676.3564,2369.9617,2662.811,2475.155,1807.206,2073.504,1610.0856,2599.74,2423.776,3918.2097,3709.333,1640.701,3136.0403,3545.3696,3374.0981,3083.776,2777.5637,2544.568,2531.0544,2862.6277,3392.3408,3294.7173,3530.3716,3685.1555,3859.8477,4045.1543,4007.2188,3487.0654,2235.0532,1942.3406
1762.6096,2267.704,1582.5868,2130.5205,1265.9973,1680.0803,1103.423,1637.0331,1217.8798,939.94055,1339.4656,1136.8301,371.43506,987.41724,602.3756,625.7562,329.14774,795.82654,714.2145,312.8781,2477.1714,2529.633,2113.7217,1567.3376,1694.0502,2216.8882,1999.9121,1290.8215,1717.9615,1211.8531,1151.5459,898.1256,1360.758,1714.6925,1205.0367,1069.4607,1374.8069,1304.4636,1689.0596,1507.6912,1801.2249,1739.6647,2021.0361,2063.9905,2208.0376,2254.668,2355.3267,2678.4443,2544.916,2100.6782,1759.7045,2054.0688,1928.9972,2252.9778,2066.499,2482.7346,2372.8955,2296.4785,2257.2463,2791.2495,2393.686,3362.4146,3224.0312,3416.3237,3753.0005,4182.7305,1467.6619,1603.8778,1635.1326,1786.4491,2132.2322,2461.9387,2454.0312,2695.4797,3144.334,3851.5896,3430.7788,3306.0942,3414.6577,3698.7827,3762.1238,3137.704,2676.0686,1418.0769,3219.1274,3390.51,3033.2424,2580.734,2865.2166,2804.1216,2077.0752,1627.1754,2859.0571,2891.9714,3025.7092,2851.9453,1965.7046,2488.249,3041.4927,2879.6904,3185.7903,3388.2395,3798.0913,4131.1724,3514.2104,3325.7593,3000.398,2691.1118,2524.334,2534.9639,2802.825,3142.5496,3108.106,3665.2244,3174.0876,2379.2495,2403.907,2016.6672,2084.8547,2395.5657,2655.6074,2801.591,2912.5818,2874.1423,3069.5547,3213.1113,3617.1365,2310.7417,2603.5913,2415.935,1747.9861,2014.2839,1550.8656,2826.8616,2650.8975,3991.3774,3650.113,1581.4811,3076.8203,3486.1497,3314.8784,3024.5562,2718.3438,2485.3481,2471.8345,2803.4077,3619.4624,3235.4973,3471.1516,3625.9355,3800.6277,3985.9343,3947.999,3427.8455,2175.8333,1883.1206
2091.7573,2596.8518,1911.7345,2459.6682,1595.145,2009.228,1432.5707,1683.1394,1454.791,1269.0883,1385.572,1182.9364,700.58276,1316.565,273.2279,329.14774,197.74031,466.67877,385.0667,98.870155,2263.1636,2315.625,1899.7137,1353.3297,1480.0422,2002.8804,1785.9042,1076.8136,1503.9536,997.8452,937.53796,684.1177,1146.7502,1500.6847,1251.1431,740.313,1045.6592,975.3159,1735.1659,1553.7975,1847.3313,1525.6567,1807.0282,1849.9825,1994.0295,2040.66,2141.3188,2464.4363,2330.9077,1886.6703,1545.6964,1840.0609,1714.9891,2038.9697,1852.4908,2268.7266,2158.8877,2082.4705,2043.2383,2577.2415,2179.678,3148.4065,3010.023,3202.3157,3538.9922,3968.7224,1253.6538,1389.8698,1421.1245,1457.3014,2178.3384,2508.045,2500.1375,2741.586,3190.4402,3637.5815,3216.771,3092.086,3200.6497,3484.7747,3548.1157,2923.696,2462.0605,1204.0688,3005.1196,3176.5022,2819.2346,2366.726,2651.2085,2590.1133,1863.0671,1413.1674,2645.0488,2677.9634,2811.7014,2637.9373,1751.6967,2274.241,2827.4846,2665.6824,2971.7822,3174.2314,3584.0833,3917.164,3300.2026,3111.7515,2786.3901,2477.104,2310.3262,2320.9558,2588.817,2928.5415,2894.098,3451.2163,2960.0796,2165.2415,2189.899,1802.6592,1870.8467,2181.5576,2441.5994,2587.583,2698.5737,2660.1343,2855.5466,2999.1033,3403.1284,2096.734,2389.5833,2201.927,1533.978,1800.276,1336.8577,2872.9678,2697.0037,3777.3691,3436.105,1367.473,2862.8125,3272.1416,3100.87,2810.5479,2504.3357,2271.34,2257.8264,2589.3997,3665.5684,3021.4893,3257.1436,3411.9275,3586.6196,3771.9263,3733.9907,3213.8374,1961.8251,1669.1125
2558.436,2606.5823,2378.4133,2160.158,2061.8237,1709.7178,1899.2495,1216.4607,1921.4697,1735.7671,918.8932,716.2576,1167.2615,865.6705,193.45084,795.82654,466.67877,163.2241,81.61205,565.5489,2729.8423,2782.3037,2366.3926,1820.0084,1946.721,2469.559,2252.583,1543.4923,1970.6323,1464.5239,1404.2167,1150.7964,1613.429,1967.3634,784.46436,273.6342,578.98035,508.63715,1268.487,1087.1187,1380.6523,1992.3354,2273.707,2316.6611,2460.7083,2507.3389,2607.9976,2931.115,2797.5864,2353.349,2012.3751,2306.7397,2181.6677,2505.6484,2319.1694,2735.4053,2625.5664,2549.1492,2509.917,3043.9202,2646.3567,3615.0852,3476.7017,3668.9944,4005.671,4435.4014,1720.3325,1856.5485,1887.8032,990.6227,1711.6597,2041.3661,2033.4586,2274.9072,2723.7615,3864.5464,3683.4497,3558.7646,3667.3284,3951.4534,4014.7944,3390.3748,2928.7393,1670.7476,3471.798,3643.1807,3285.913,2833.4048,3117.8872,3056.792,2329.7458,1879.8461,3111.7275,3144.642,3278.38,3104.6162,2218.3755,2740.9197,3294.1633,3132.361,3438.461,3640.9102,4050.762,4383.843,3766.881,3578.43,3253.0686,2943.7825,2777.0046,2787.6345,3055.4956,3395.2202,3360.7766,3917.895,3426.7583,2631.9202,2656.5776,2269.338,2337.5254,2648.2363,2908.278,3054.2617,3165.2524,3126.813,3322.2253,3465.782,3869.8071,2563.4124,2856.2617,2668.606,2000.6567,2266.9546,1803.5364,2406.289,2230.325,3724.7585,3902.7837,1834.1517,3329.491,3738.8203,3567.5488,3277.2266,2971.0144,2738.0188,2724.5051,3056.0784,3198.8896,3488.168,3723.8223,3878.6062,4053.2983,4238.605,4200.6694,3680.516,2428.504,2135.7913
2476.824,2688.1943,2296.8013,2241.77,1980.2117,1791.3298,1817.6375,1298.0728,1839.8577,1654.155,1000.50525,797.8697,1085.6494,947.28253,111.83879,714.2145,385.0667,81.61205,163.2241,483.93686,2648.2302,2700.692,2284.7803,1738.3964,1865.1089,2387.947,2170.9707,1461.8802,1889.0203,1382.9119,1322.6046,1069.1843,1531.8169,1885.7513,866.0764,355.24625,660.5924,590.2492,1350.0991,1168.7307,1462.2644,1910.7234,2192.095,2235.0493,2379.0962,2425.7266,2526.3853,2849.503,2715.9746,2271.7368,1930.7631,2225.1274,2100.0557,2424.0364,2237.5576,2653.7935,2543.9543,2467.537,2428.305,2962.308,2564.7446,3533.4731,3395.0898,3587.3823,3924.059,4353.789,1638.7205,1774.9364,1806.1912,1072.2347,1793.2717,2122.9783,2115.0708,2356.5193,2805.3735,3946.1587,3601.8374,3477.1528,3585.7163,3869.8413,3933.1826,3308.7627,2847.1272,1589.1355,3390.1863,3561.5688,3204.3013,2751.7925,3036.2751,2975.1802,2248.1338,1798.234,3030.1157,3063.03,3196.768,3023.004,2136.7632,2659.3076,3212.5513,3050.749,3356.8489,3559.298,3969.15,4302.231,3685.2693,3496.818,3171.4568,2862.1707,2695.3928,2706.0225,2973.8835,3313.6082,3279.1646,3836.283,3345.1462,2550.308,2574.9656,2187.7258,2255.9133,2566.6243,2826.666,2972.6497,3083.6404,3045.201,3240.6133,3384.17,3788.195,2481.8005,2774.65,2586.9937,1919.0447,2185.3428,1721.9243,2487.9011,2311.937,3806.3708,3821.1719,1752.5397,3247.8792,3657.2085,3485.937,3195.6147,2889.4023,2656.4067,2642.893,2974.4663,3280.502,3406.556,3642.2102,3796.9941,3971.6863,4156.9927,4119.0576,3598.904,2346.8918,2054.1792
2075.4878,2580.5823,1895.4648,2443.3987,1578.8755,1992.9585,1416.301,1782.0095,1355.9207,1252.8186,1484.4421,1281.8065,684.3132,1300.2954,372.09805,312.8781,98.870155,565.5489,483.93686,197.74031,2164.2935,2216.755,1800.8435,1254.4595,1381.1721,1904.0103,1687.0339,977.94336,1405.0835,898.97504,838.6678,585.2475,1047.88,1401.8145,1350.0132,839.1831,1144.5293,1074.186,1834.036,1652.6676,1946.2014,1426.7866,1708.1581,1751.1124,1895.1594,1941.7899,2042.4486,2365.5662,2232.0376,1787.8002,1446.8263,1741.1908,1616.119,1940.0996,1753.6207,2169.8564,2060.0176,1983.6003,1944.3682,2478.3713,2080.8079,3049.5364,2911.1528,3103.4456,3440.122,3869.8523,1154.7837,1290.9996,1322.2544,1556.1715,2277.2085,2606.915,2599.0076,2840.456,3289.3103,3538.7114,3117.901,2993.2158,3101.7795,3385.9045,3449.2456,2824.826,2363.1904,1105.1987,2906.2493,3077.6318,2720.3643,2267.856,2552.3384,2491.2432,1764.197,1314.2972,2546.1787,2579.0933,2712.831,2539.0671,1652.8264,2175.3708,2728.6145,2566.8123,2872.912,3075.3613,3485.2131,3818.294,3201.3323,3012.881,2687.5198,2378.2336,2211.4558,2222.0857,2489.9468,2829.6714,2795.2278,3352.3462,2861.2095,2066.3713,2091.0288,1703.7891,1771.9766,2082.6875,2342.7292,2488.713,2599.7036,2561.2642,2756.6765,2900.2332,3304.2583,1997.8635,2290.713,2103.057,1435.1079,1701.4058,1237.9875,2971.838,2795.8738,3678.499,3337.2349,1268.6029,2763.9421,3173.2715,3002.0,2711.6777,2405.4656,2172.47,2158.9563,2490.5295,3764.4385,2922.6191,3158.2734,3313.0574,3487.7495,3673.0562,3635.1206,3114.9673,1862.955,1570.2424
2791.3184,3296.413,2611.2954,3159.2295,2294.706,2708.789,2132.1316,3202.046,1932.0764,2210.0156,3499.6133,3535.2979,2778.521,3394.5034,2625.5894,2566.3694,2352.3613,2819.04,2737.4282,2253.4912,397.48294,198.74147,591.0691,999.03186,1673.0015,260.2833,477.25943,2060.9397,1998.8112,1354.5164,1414.8235,1668.2438,1624.0358,1977.9702,3603.5044,3092.6743,3398.0205,3327.6772,4087.527,3906.1587,4199.6924,2014.4741,2295.8457,2131.0205,1986.9733,2315.2256,2469.1843,2146.0667,1960.6594,1516.4219,1175.448,1469.8125,1344.7407,1668.7214,1482.2424,1978.1084,1868.2694,1712.2222,1672.9899,2206.9932,1809.4297,2778.1582,2639.7747,2832.0674,3168.744,3598.474,883.40546,1019.62134,1050.8761,3809.6628,4530.6997,4860.4062,4852.4985,4856.972,4408.1177,3267.333,2846.5225,2721.8374,2830.4011,3114.5261,2299.9253,2553.4478,2091.812,833.82043,1756.929,1928.3115,1571.044,1996.4777,2280.9602,1929.6934,1492.8187,1042.919,2239.2234,1841.8433,1563.5107,1810.137,1944.6558,965.5963,1518.8398,1357.0376,1663.1375,1865.5865,2275.4385,2608.5193,2052.012,1863.5608,1538.1995,1228.9133,1062.1355,1950.7074,2218.5684,2558.293,2523.8494,3080.9678,2589.831,1794.993,1819.6505,1432.4108,1500.5983,1811.3092,2071.3508,2217.3345,2328.3252,2289.8857,2485.298,2628.8547,3032.88,848.5433,1141.3927,1535.4803,1179.6802,552.08545,1825.675,5225.329,4935.6987,3407.1206,2187.9146,997.2247,1614.6218,2023.9512,2178.5017,2440.2998,2134.0874,1901.0918,1887.5781,2219.1514,3932.9895,2651.2407,2886.895,3041.679,3216.371,3401.6777,3363.7422,2843.5889,1591.5768,1298.8643
2843.7798,3348.8745,2663.7568,3211.691,2347.1675,2761.2505,2184.593,3254.5073,1984.5378,2262.477,3552.0747,3587.7593,2830.9824,3446.9648,2678.0508,2618.8308,2404.823,2871.5015,2789.8896,2305.9526,198.74147,397.48294,415.91132,1051.4933,1725.4629,459.02478,529.72095,2113.4011,2051.2727,1406.9778,1467.285,1720.7053,1676.4973,2030.4316,3655.9658,3145.1357,3450.482,3380.1387,4139.989,3958.62,4252.154,2066.9355,2348.3071,1955.8627,1811.8156,2140.0679,2294.0266,1970.9089,1785.5017,1341.2642,1000.2903,1294.6548,1169.583,1493.5637,1307.0847,1802.9507,1693.1117,1537.0645,1497.8322,2031.8353,1634.272,2603.0005,2464.617,2656.9097,2993.5862,3423.3164,708.24774,844.4636,875.7184,3862.1243,4583.161,4912.8677,4904.96,4681.8145,4232.96,3092.1753,2671.3647,2546.6797,2655.2434,2939.3684,2352.3867,2378.29,1916.6543,658.6627,1809.3904,1980.773,1623.5055,1821.32,2105.8025,1982.1548,1317.661,867.7612,2099.6428,1894.3047,1615.9723,1862.5984,1997.1172,1018.0578,1571.3014,1409.4991,1715.599,1918.0481,2327.9,2660.9807,2104.4734,1916.0222,1590.6609,1281.3749,1114.597,1775.5497,2043.4106,2383.1353,2348.6917,2905.81,2414.6733,1619.8353,1644.4928,1257.253,1325.4406,1636.1515,1896.1931,2042.1768,2153.1675,2114.728,2310.1404,2453.697,2857.7222,901.00476,1193.8542,1587.9419,1232.1417,604.54694,1878.1365,5277.7905,4760.541,3231.963,2240.376,822.06696,1667.0833,2076.4126,2230.9631,2265.142,1958.9297,1725.9341,1712.4204,2043.9938,3757.8318,2476.083,2711.7373,2866.5212,3041.2134,3226.52,3188.5845,2668.4312,1416.4191,1123.7065
2427.8687,2932.9634,2247.8457,2795.7798,1931.2561,2345.3394,1768.6818,2838.5962,1568.6266,1846.5658,3136.1636,3171.8481,2415.0713,3031.0537,2262.1396,2202.9197,1988.9116,2455.5903,2373.9785,1890.0414,591.0691,415.91132,227.61926,635.58203,1309.5516,330.78577,113.80963,1697.4899,1635.3613,991.06647,1051.3738,1304.794,1260.5859,1614.5204,3240.0547,2729.2246,3034.5708,2964.2275,3724.0774,3542.709,3836.2427,1651.0243,1932.3958,1539.9513,1395.9042,1724.1564,1878.1154,1554.9977,1369.5905,925.3529,584.37897,878.7435,753.67163,1077.6523,891.1734,1387.0393,1277.2003,1121.1531,1081.9208,1615.924,1218.3606,2187.089,2048.7056,2240.9983,2577.6748,3007.405,292.3364,428.55228,459.80704,3446.2131,4167.25,4496.9565,4489.049,4265.903,3817.0488,2676.2637,2255.4531,2130.7683,2239.332,2523.4568,1936.4755,1962.3787,1500.7432,242.75139,1393.4791,1564.8617,1207.5942,1405.4086,1689.8911,1566.2435,901.7497,451.8499,1683.7316,1478.3934,1200.061,1446.6871,1581.2059,602.1465,1155.3901,993.5878,1299.6876,1502.1368,1911.9886,2245.0696,1688.5621,1500.111,1174.7496,865.46356,698.6857,1359.6383,1627.4993,1967.2239,1932.7803,2489.899,1998.7622,1203.9241,1228.5815,841.34174,909.5293,1220.2402,1480.2817,1626.2654,1737.256,1698.8165,1894.2289,2037.7855,2441.8105,485.09344,777.9429,1172.0305,816.2304,188.63564,1462.2252,4861.8794,4344.6294,2816.0515,1824.4647,406.1556,1251.172,1660.5013,1815.0518,1849.2306,1543.0183,1310.0227,1296.509,1628.0824,3341.9204,2060.1714,2295.8262,2450.61,2625.3022,2810.609,2772.6733,2252.52,1000.5077,707.79517
1792.2865,2297.3813,1612.2637,2160.1978,1295.6742,1709.7572,1133.0999,2203.0142,933.04474,1210.9839,2500.5815,2536.266,1779.4894,2395.4717,1626.5576,1567.3376,1353.3297,1820.0084,1738.3964,1254.4595,909.834,962.2955,546.38416,361.2968,673.96967,649.55066,432.57452,1061.908,999.7794,355.48447,415.79175,669.21204,625.004,978.9385,2604.4727,2093.6426,2398.9888,2328.6455,3088.4954,2907.127,3200.6606,1015.4424,1296.8138,1339.7682,1483.8152,1530.4457,1631.1044,1778.5654,1593.1582,1148.9207,807.9468,1102.3113,977.23944,1301.2201,1114.7412,1610.6072,1500.7682,1344.7208,1305.4886,1839.4918,1441.9283,2410.6567,2272.2734,2464.566,2801.2427,3230.9727,515.9042,652.12006,683.3748,2810.631,3531.668,3861.3745,3853.467,4094.9155,4040.6167,2899.8315,2479.021,2354.3362,2462.9,2747.025,2194.7861,2185.9463,1724.3108,466.31918,1651.7899,1823.1725,1465.9049,1628.9763,1913.459,1824.5543,1125.3175,675.4177,1907.2993,1736.7042,1458.3717,1704.9979,945.624,920.9114,1474.155,1312.3528,1618.4526,1820.9017,2230.7537,2563.8345,1946.8729,1758.4218,1433.0604,1123.7743,956.99646,1583.2062,1851.0671,2190.7917,2156.3481,2713.4668,2222.33,1427.4918,1452.1493,1064.9095,1133.097,1443.808,1703.8496,1849.8333,1960.8239,1922.3844,2117.7969,2261.3535,2665.3787,743.4042,1036.2537,1395.8545,180.6484,446.94638,826.6433,4226.2974,4050.3333,3039.6194,2082.7754,629.7234,1509.4828,1918.8121,2073.3625,2072.7983,1766.5862,1533.5906,1520.0768,1851.6501,3565.4883,2283.7393,2519.394,2674.178,2848.87,3034.1768,2996.2412,2476.0876,1224.0756,931.363
2425.8396,2930.9343,2245.817,2793.7507,1929.2273,2343.3103,1766.653,2836.5674,1566.5979,1844.537,2865.6143,2662.9788,2065.4854,2681.4675,1753.2701,1694.0502,1480.0422,1946.721,1865.1089,1381.1721,1583.8036,1636.2651,1220.3538,673.96967,305.34717,1323.5203,1106.5442,403.2287,325.8097,1029.4541,1049.3448,795.92456,1258.5571,1612.4916,2731.1853,2220.3552,2525.7014,2455.3582,3215.2083,3033.8398,3327.3735,341.4727,622.8441,665.79846,809.8455,856.47595,957.13464,1280.2522,1428.1727,1822.8904,1481.9165,1519.932,1651.2091,1128.0974,1314.5764,1084.5426,974.7036,1277.5225,1505.3239,2039.3271,1641.7637,2610.4922,2946.2432,3138.5356,3475.2124,3904.9424,1189.8739,1326.0897,1357.3445,2937.3438,3658.3809,3988.0874,3980.18,4221.6284,4240.452,3099.667,2678.8562,2554.1716,2662.735,2946.86,2810.1304,2859.916,2398.2805,1140.2888,2267.1343,2438.5168,1512.2705,2069.5938,2354.0764,1770.7037,1799.2872,1349.3875,1742.3138,1682.8538,1404.5212,1157.895,271.65433,1594.8811,2148.1248,1986.3225,2292.4224,2494.8713,2904.7234,3237.8042,2562.2173,2373.7659,2048.4045,1739.1185,1622.4142,1783.0415,2050.9026,2390.6272,2356.1833,2920.0867,2896.2996,2101.4614,2126.119,1738.8792,1807.0667,2117.7776,1903.6849,2049.6685,2160.6592,2122.2197,2317.632,2461.1887,2865.2139,1408.8219,1115.9724,721.88477,493.32126,1120.916,152.67358,4353.0103,4177.0464,3239.4548,2698.1196,1303.6931,2124.8271,2231.3662,2688.707,2746.768,2440.556,2207.5603,2102.9907,2434.564,3765.3237,2483.5747,3114.1594,3268.9434,3443.6355,3392.4644,3196.0767,2675.923,1898.0453,1605.3328
2531.0352,3036.13,2351.0122,2898.9463,2034.4226,2448.5059,1871.8483,2941.7627,1671.7931,1949.7323,3239.33,3275.0146,2518.2378,3134.2202,2365.3062,2306.086,2092.0781,2558.7568,2477.145,1993.2079,260.2833,459.02478,330.78577,738.74854,1412.7181,433.95227,216.97614,1800.6564,1738.5278,1094.2329,1154.5403,1407.9604,1363.7524,1717.6869,3343.2212,2832.391,3137.7373,3067.394,3827.2437,3645.8755,3939.4092,1754.1908,2035.5623,1870.737,1726.69,2054.9421,2208.9011,1885.7834,1700.3762,1256.1387,915.1648,1209.5293,1084.4574,1408.4381,1221.9592,1717.8252,1607.9861,1451.9388,1412.7065,1946.7097,1549.1464,2517.8748,2379.4912,2571.784,2908.4604,3338.1907,623.1222,759.3381,790.59283,3549.3794,4270.4165,4600.123,4592.2153,4596.689,4147.8345,3007.0496,2586.2388,2461.5542,2570.1177,2854.2427,2039.642,2293.1643,1831.5288,573.5372,1496.6456,1668.0282,1310.7607,1736.1945,2020.677,1669.41,1232.5355,782.63574,1978.9401,1581.5599,1303.2275,1549.8536,1684.3724,705.313,1258.5566,1096.7544,1402.8542,1605.3033,2015.1553,2348.236,1791.7286,1603.2775,1277.9161,968.63007,801.85223,1690.4241,1958.2852,2298.0098,2263.566,2820.6846,2329.5479,1534.7097,1559.3672,1172.1274,1240.315,1551.0259,1811.0675,1957.0511,2068.0417,2029.6023,2225.0146,2368.5713,2772.5964,588.25995,881.1094,1275.197,919.3969,291.80212,1565.3917,4965.046,4675.4155,3146.8374,1927.6312,736.9414,1354.3385,1763.6678,1918.2183,2180.0166,1873.8042,1640.8086,1627.2948,1958.8682,3672.7063,2390.9573,2626.6118,2781.3958,2956.088,3141.3945,3103.459,2583.3057,1331.2936,1038.581
