10.937688,5.468844,27.687162,32.89874,47.148857,49.84632,111.33989,110.840935,125.69073,129.42108,133.57397,181.93614,153.22156,167.79918,225.1944,192.90569,212.88036,254.16808,243.91684,221.1969,484.92148,469.31375,416.60388,296.21664,317.06726,466.59097,398.18372,294.1023,314.19608,254.13347,234.46562,253.25854,223.749,245.76387,155.63974,249.03738,252.60777,232.05902,251.22545,223.5526,237.1549,342.00644,359.5691,410.97345,419.2329,388.28156,407.86795,438.13855,465.86603,516.3824,546.86255,519.81506,544.0908,470.21246,535.9451,483.07056,446.81992,479.17462,576.4943,626.7012,635.3429,642.8693,722.92834,748.7683,780.2263,794.1758,568.8826,570.5184,553.4607,248.65022,292.532,328.12274,338.51044,390.4075,453.40997,522.93353,557.3439,565.86847,655.6158,663.4002,601.6344,739.2307,813.7112,319.07236,548.5923,583.1748,436.49146,532.04974,552.4467,512.49554,542.98804,567.5177,470.81747,476.7704,438.16443,414.254,337.65378,447.76868,482.67108,489.79742,517.7211,523.5285,527.62177,551.6606,552.97876,591.0811,529.44135,424.9624,393.9482,704.38934,724.4337,779.2385,741.1549,782.74854,847.1259,789.12756,753.34686,715.8168,755.38696,767.90796,728.8344,711.3483,651.9822,741.2417,734.81287,723.20557,711.8738,339.23636,356.9669,366.21454,319.08167,314.72983,325.3554,343.75308,385.85513,483.78702,570.24084,584.96906,547.1975,500.79614,636.14264,687.49005,671.15393,639.1523,531.44025,541.5685,477.11172,683.8169,799.9917,827.8893,799.6342,760.91693,730.1541,699.9333,579.4049,590.167,433.95737,511.855,364.975,611.2915,403.75214,435.51117,526.3953,774.727,750.8806,694.0609
5.468844,10.937688,33.156006,27.429893,50.76272,44.37748,114.95375,105.37209,129.30458,133.03494,128.10513,176.4673,156.83542,171.41304,228.80826,196.51955,216.49422,257.78195,247.5307,224.81076,488.53534,472.9276,420.21777,299.8305,320.68115,470.20483,401.79755,297.71613,317.80994,257.7473,238.07948,256.8724,227.36285,249.37773,150.1709,243.56854,247.13893,226.59018,245.7566,218.08376,231.68607,345.62027,363.18292,414.58728,422.84674,391.8954,411.48178,441.75238,469.47986,519.9962,550.4764,523.4289,547.7046,473.8263,539.55896,486.6844,450.43375,482.78845,580.10815,630.31494,638.95667,646.48315,726.5422,752.3821,783.84015,797.78955,572.49646,574.1322,557.0745,243.18138,287.06317,322.6539,333.0416,384.93866,447.94113,517.46466,551.87506,560.39966,650.147,657.93134,605.2483,742.84454,817.3251,322.68622,552.2061,586.78864,440.1053,535.66364,556.06055,516.1094,546.60187,571.13153,474.4313,480.38425,441.7783,417.86786,341.26764,451.38257,486.28497,493.41132,521.335,527.1424,531.23566,555.2745,556.59265,594.69495,533.05524,428.57623,397.56207,708.0032,728.0476,782.8524,735.6861,777.2797,850.73975,792.7414,756.9607,719.4306,759.00085,771.5217,724.51355,705.8795,646.5133,736.92084,729.34406,717.7367,706.4049,342.85022,360.58075,369.8284,322.6955,318.3437,328.96924,338.28424,380.3863,478.31818,573.85474,588.5829,550.81134,504.40997,639.7565,691.1039,674.7678,642.7662,535.0541,545.1823,471.64288,678.348,794.5229,822.4205,803.24805,764.53076,733.76794,703.5471,583.0188,593.78076,437.57123,515.4689,368.58887,614.90533,407.36597,439.125,530.00916,769.2582,754.4945,688.5921
27.687162,33.156006,38.923386,42.794518,19.461693,25.846931,83.652725,86.841545,98.00356,101.73392,109.574585,154.37192,125.53439,140.11201,197.50723,165.21852,185.19319,226.48091,216.22968,193.50974,457.2343,441.6266,388.91675,268.52948,289.38013,438.9038,370.49652,266.4151,286.5089,226.4463,206.77846,225.57138,196.06183,218.0767,131.64035,221.47314,225.04353,204.49478,227.22606,199.5532,213.15552,314.31924,331.8819,383.28625,391.54572,360.59436,380.18076,410.45135,438.17883,488.6952,519.17535,492.12787,516.40356,442.52527,508.25793,455.38336,419.13272,451.48743,548.8071,599.0139,607.65564,615.1821,695.24115,721.08105,752.5391,766.4885,541.19543,542.8312,525.7735,221.08598,268.53262,304.12335,314.51105,366.4081,429.41058,498.9341,533.3445,541.8691,631.6164,639.4008,573.94727,711.5435,786.02405,291.3852,520.9051,555.4876,408.80426,504.3626,524.7595,484.80835,515.30084,539.8305,443.13028,449.08322,410.47726,386.56683,309.9666,420.08154,454.98395,462.1103,490.03397,495.84137,499.9346,523.97345,525.2916,563.3939,501.7542,397.2752,366.26105,676.70215,696.7466,751.5514,717.1555,758.74915,819.4387,761.44037,725.65967,688.1296,727.6998,740.2207,701.1472,687.34894,627.9828,713.5545,710.8135,699.2062,687.8744,311.5492,329.27972,338.52737,291.39447,287.04266,297.6682,319.7537,361.85574,459.78763,542.5537,557.28186,519.5103,473.10895,608.45544,659.80286,643.4668,611.46515,503.75305,513.8813,453.11234,659.8175,775.9923,802.61304,771.947,733.22974,702.4669,672.2461,551.7178,562.47974,406.2702,484.16788,337.28784,583.6043,376.06494,407.82397,498.70813,750.7276,723.1935,670.0615
32.89874,27.429893,42.794518,33.89517,23.332823,16.947584,87.52386,77.9422,101.874695,105.60504,100.67524,149.0374,129.40552,143.98314,201.37836,169.08965,189.06432,230.35204,220.1008,197.38086,461.10544,445.4977,392.78784,272.4006,293.25122,442.77493,374.36768,270.28625,290.38004,230.31743,210.64958,229.4425,199.93295,221.94783,122.741,216.13864,219.70903,199.16028,218.3267,190.65385,204.25616,318.1904,335.75305,387.1574,395.41687,364.4655,384.0519,414.3225,442.05,492.56635,523.0465,495.99902,520.2748,446.39642,512.1291,459.25452,423.00388,455.35858,552.6783,602.88513,611.52686,619.0533,699.1123,724.9523,756.4103,770.35974,545.0666,546.70233,529.64465,215.75148,259.63327,295.224,305.6117,357.50876,420.51123,490.03476,524.4451,532.9697,622.71704,630.50146,577.81836,715.4147,789.89514,295.25632,524.77625,559.35876,412.6754,508.2337,528.6307,488.6795,519.172,543.70166,447.00143,452.95435,414.3484,390.43796,313.83774,423.95264,458.85504,465.98138,493.90506,499.71246,503.8057,527.84454,529.1627,567.2651,505.6253,401.14636,370.13217,680.5733,700.6177,755.4225,708.2562,749.84985,823.3099,765.3115,729.5308,692.00073,731.5709,744.0919,697.0837,678.44965,619.08344,709.49097,701.9142,690.3068,678.97504,315.42032,333.15085,342.3985,295.26562,290.9138,301.53937,310.85434,352.9564,450.88828,546.4248,561.153,523.3815,476.9801,612.3266,663.674,647.3379,615.33624,507.6242,517.75244,444.21298,650.9181,767.093,794.9906,775.8182,737.1009,706.3381,676.11725,555.58887,566.35095,410.14133,488.03897,341.15897,587.47546,379.9361,411.69513,502.57928,741.82825,727.0646,661.16223
47.148857,50.76272,19.461693,23.332823,12.770478,6.385239,64.19103,67.37985,78.54187,82.27222,90.11289,134.91022,106.07269,120.650314,178.04553,145.75682,165.73149,207.01921,196.76797,174.04803,437.7726,422.1649,369.45502,249.06778,269.9184,419.4421,351.03485,246.95341,267.0472,206.9846,187.31676,206.10968,176.60013,198.615,112.17865,202.01144,205.58183,185.03308,207.76436,180.0915,193.69382,294.85757,312.42023,363.8246,372.08405,341.1327,360.7191,390.9897,418.71716,469.23352,499.71368,472.6662,496.94193,423.0636,488.79626,435.9217,399.67105,432.02576,529.34546,579.55225,588.194,595.72046,675.7795,701.6194,733.07745,747.02686,521.73376,523.3695,506.31183,201.62428,249.07092,284.66165,295.04935,346.9464,409.94888,479.4724,513.8828,522.4074,612.15466,619.9391,554.48553,692.08185,766.5624,271.9235,501.44342,536.02594,389.3426,484.90088,505.29785,465.34668,495.83917,520.36884,423.6686,429.62152,391.01556,367.10513,290.5049,400.6198,435.52222,442.64856,470.57224,476.37964,480.47287,504.5117,505.82986,543.93225,482.29248,377.81354,346.79935,657.2405,677.2849,732.0897,697.69385,739.2875,799.97705,741.9787,706.198,668.6679,708.23816,720.75903,681.68555,667.88727,608.5211,694.09283,691.3518,679.7445,668.41266,292.0875,309.81802,319.06567,271.9328,267.58096,278.20654,300.292,342.39404,440.32593,523.092,537.8202,500.04868,453.64728,588.9938,640.3412,624.0051,592.0035,484.29138,494.4196,433.65063,640.3558,756.53064,783.15137,752.48535,713.76807,683.00525,652.7844,532.2561,543.01807,386.8085,464.70615,317.82614,564.14264,356.60327,388.3623,479.24646,731.26587,703.7318,650.59985
49.84632,44.37748,25.846931,16.947584,6.385239,12.770478,70.57627,60.994614,84.92711,88.657455,83.72765,132.08981,112.45793,127.03555,184.43077,152.14206,172.11673,213.40445,203.15321,180.43327,444.15787,428.55014,375.84027,255.45303,276.30365,425.82736,357.4201,253.33865,273.43243,213.36986,193.70201,212.49492,182.98538,205.00026,105.79341,199.19104,202.76144,182.21269,201.37912,173.70627,187.30858,301.2428,318.80548,370.20978,378.46927,347.5179,367.1043,397.3749,425.1024,475.61874,506.09894,479.05145,503.32715,429.44882,495.1815,442.3069,406.05627,438.41095,535.7307,585.9375,594.5792,602.1057,682.16473,708.00464,739.4627,753.4121,528.119,529.75476,512.697,198.8039,242.68568,278.2764,288.6641,340.56116,403.56363,473.08716,507.49753,516.02216,605.7694,613.55383,560.8707,698.4671,772.94763,278.30875,507.82867,542.4112,395.72784,491.28613,511.6831,471.73187,502.22443,526.7541,430.05383,436.00674,397.4008,373.49036,296.89014,407.00507,441.90747,449.0338,476.9575,482.7649,486.85812,510.89694,512.2151,550.3175,488.67773,384.1988,353.1846,663.62573,683.6701,738.4749,691.3086,732.9022,806.3623,748.36395,712.58325,675.05316,714.6234,727.1443,680.13605,661.502,602.13586,692.54333,684.96655,673.35925,662.0274,298.47275,316.20328,325.4509,278.31805,273.96622,284.59177,293.90674,336.0088,433.94067,529.4772,544.20544,506.43393,460.03253,595.379,646.72644,630.3903,598.3887,490.6766,500.8048,427.26538,633.9705,750.1454,778.04297,758.8706,720.1533,689.3905,659.1697,538.6413,549.4033,393.19376,471.0914,324.2114,570.5279,362.9885,394.74753,485.63168,724.8806,710.117,644.2146
111.33989,114.95375,83.652725,87.52386,64.19103,70.57627,28.70167,131.57089,14.350835,18.081188,119.081345,70.71919,41.881668,56.459293,113.85451,81.565796,101.54047,142.82819,132.57695,109.85701,373.5816,357.97388,305.264,184.87674,205.72739,355.2511,286.8438,182.76239,202.85617,142.79358,123.12573,141.91866,112.4091,134.42398,97.01559,137.82043,141.39082,120.84207,158.46175,164.92844,178.53075,230.66652,248.2292,299.63354,307.893,276.94165,296.52805,326.79865,354.52612,405.04248,435.52264,408.47516,432.7509,358.87256,424.60522,371.73065,335.48,367.83472,465.15442,515.3612,524.0029,531.5294,611.58844,637.42834,668.8864,682.8358,457.54272,459.17847,442.1208,137.43327,199.76831,235.35904,245.74673,297.6438,360.64627,430.1698,464.58017,473.10477,562.85205,570.6365,490.29446,627.8908,702.37134,207.73247,437.25238,471.8349,325.15155,420.70987,441.1068,401.15564,431.64813,456.1778,359.47757,365.43048,326.82455,302.9141,226.31389,336.4288,371.33118,378.45755,406.38123,412.1886,416.28186,440.32068,441.63882,479.7412,418.10147,313.6225,282.60834,593.04944,613.0939,667.8987,648.39124,689.98486,735.786,677.78766,642.00696,604.47687,644.0471,656.568,617.4945,618.58466,559.2185,629.9018,642.0492,630.4419,619.11005,227.89648,245.62698,254.87465,207.74176,203.38994,214.0155,250.98938,293.09143,391.02332,458.90094,473.62915,435.85764,389.45624,524.80273,576.15015,559.8141,527.81244,420.10034,430.22855,384.34802,591.05316,707.228,718.9603,688.2943,649.577,618.8142,588.5934,468.06503,478.82706,322.6175,400.51514,253.63513,499.9516,292.41223,324.17126,415.05542,681.96326,639.5408,601.29724
110.840935,105.37209,86.841545,77.9422,67.37985,60.994614,131.57089,45.46608,141.36623,123.7332,22.73304,71.0952,99.93272,85.35509,171.90555,139.61684,159.5915,170.12955,180.38078,167.90805,475.6064,459.9987,407.28885,286.90158,263.77844,457.2759,388.86865,240.81343,260.90723,244.81842,225.15057,199.9697,235.8672,257.88208,44.798798,138.19644,141.76683,121.21808,140.3845,112.711655,126.31397,288.71756,306.2802,357.68457,365.94403,334.99268,354.57907,384.84967,412.57715,463.0935,493.57367,466.52618,490.8019,416.92358,482.65625,429.78168,393.53104,425.88574,523.20544,573.41223,582.05396,589.58044,669.63947,695.4794,726.93744,740.88684,515.59375,517.2295,500.1718,137.80928,181.69107,217.2818,227.6695,279.56656,342.56903,412.09256,446.50293,455.02753,544.77484,552.55927,592.31934,685.94183,760.42236,309.7573,531.3279,560.35486,413.67145,509.2298,511.5366,459.20667,489.69916,514.2288,417.5286,423.48154,384.87558,360.96515,284.36493,438.45364,473.35602,480.4824,508.40607,514.21344,518.3067,542.3455,543.6637,573.8168,512.177,407.69803,384.63315,643.58655,663.6309,695.8115,630.31396,671.9076,783.5259,735.8387,700.058,662.5279,702.09814,714.619,619.1414,600.5074,541.14124,631.5487,623.9719,612.3646,601.03284,329.9213,323.77115,312.9257,282.6391,305.41476,272.06653,232.91214,275.0142,372.94608,560.9258,531.6802,524.37756,477.9762,613.3227,642.14984,617.8651,585.86346,478.15137,488.27957,366.27078,572.97595,689.15076,717.04834,746.34534,707.62805,676.86523,646.6444,526.1161,536.87805,424.6423,502.53998,355.65994,588.47156,350.46326,382.2223,473.10645,663.88605,690.0778,583.22
125.69073,129.30458,98.00356,101.874695,78.54187,84.92711,14.350835,141.36623,28.70167,17.633032,118.63319,70.271034,41.43351,56.011135,113.40634,81.11763,101.0923,142.38002,132.12878,109.408844,359.23074,343.62302,290.91318,170.52591,197.7645,340.90024,272.49298,174.7995,194.89328,128.44273,108.774895,133.95576,98.058266,120.073135,96.56743,137.37225,140.94266,120.393906,158.01358,164.48029,178.0826,222.70363,240.26631,291.67065,299.9301,268.97876,288.56516,318.83575,346.56323,397.0796,427.55975,400.51227,424.788,350.90967,416.64233,363.76776,327.51712,359.87183,457.19153,507.39835,516.04004,523.5665,603.62555,629.46545,660.9235,674.8729,449.57983,451.21558,434.1579,136.9851,199.32016,234.91089,245.29858,297.19565,360.19812,429.72165,464.13202,472.65662,562.40393,570.18835,475.94363,619.9279,694.40845,193.38162,422.90155,457.48407,310.80072,406.359,426.75598,393.19275,423.68524,448.2149,351.51468,352.67746,314.0715,290.16107,218.35101,322.07797,356.98035,364.10672,392.0304,397.83777,401.93103,425.96985,427.288,465.39038,403.7506,299.27167,268.25748,585.08655,605.131,659.9358,647.9431,689.53674,727.8231,669.82477,634.04407,596.514,636.0842,648.6051,609.5316,618.13654,558.7703,621.9389,640.6141,629.9937,618.6619,213.54564,231.27615,242.12161,193.39093,189.0391,206.05261,250.54123,292.64328,390.57516,444.5501,465.66626,421.5068,375.1054,510.4519,561.7993,551.8512,519.84955,412.13745,422.26566,383.89987,590.605,706.7799,710.99744,680.3314,641.61414,610.8513,580.6305,460.10214,470.86417,308.26663,386.1643,239.28427,485.60077,284.44934,316.20837,407.09253,681.51514,631.5779,600.8491
129.42108,133.03494,101.73392,105.60504,82.27222,88.657455,18.081188,123.7332,17.633032,35.266064,101.00016,52.638,23.80048,38.378105,95.773315,63.484604,83.459274,124.747,114.49576,91.77582,376.86377,361.25604,308.5462,188.15894,187.6462,358.53326,290.126,164.6812,184.77498,146.07578,126.40793,123.83746,115.6913,137.70618,78.9344,119.739235,123.30964,102.76088,140.38055,146.84726,160.44957,212.58533,230.14801,281.55234,289.81183,258.86044,278.44687,308.71744,336.44495,386.9613,417.44147,390.39398,414.66968,340.79138,406.52405,353.64944,317.3988,349.7535,447.07324,497.28003,505.92175,513.44824,593.50726,619.34717,650.80524,664.75464,439.46155,441.0973,424.0396,119.35208,181.68713,217.27786,227.66556,279.56262,342.5651,412.08862,446.499,455.0236,544.7709,552.5553,493.5767,609.80963,684.29016,211.01466,440.53458,475.11707,328.43375,423.99207,435.4044,383.07443,413.56696,438.09662,341.39636,347.3493,308.74335,284.83292,208.2327,339.711,374.6134,381.73975,409.66342,415.47083,419.56406,443.60287,444.92105,483.02344,421.38367,316.9047,285.8905,574.96826,595.01263,649.81744,630.31006,671.9037,717.70483,659.7065,623.9258,586.3957,625.96594,638.4868,599.4133,600.5035,541.1373,611.8206,623.968,612.3607,601.0289,231.17868,247.63892,236.79346,206.50687,206.67213,195.93431,232.9082,275.01025,372.94214,462.18317,455.54797,439.13983,392.73843,528.0849,566.0176,541.73285,509.7312,402.01917,412.14737,366.26685,572.972,689.14685,700.87915,670.21313,631.49585,600.73303,570.5122,449.98383,460.74585,325.89966,403.79733,256.91733,503.2338,274.33102,306.0901,396.97424,663.8821,621.45953,583.21606
133.57397,128.10513,109.574585,100.67524,90.11289,83.72765,119.081345,22.73304,118.63319,101.00016,44.13152,48.36216,77.19968,62.622055,149.17252,116.8838,136.85847,147.3965,157.64774,145.17502,452.87338,437.26566,384.55582,264.16855,241.0454,434.54288,366.13562,218.0804,238.17418,222.08539,202.41754,177.23666,213.13417,235.14905,22.06576,115.463394,119.0338,98.48504,117.65146,89.978615,103.58093,265.98453,283.5472,334.95154,343.21103,312.25964,331.84607,362.11664,389.84412,440.36047,470.84067,443.79318,468.0689,394.19055,459.92322,407.04865,370.79803,403.1527,500.47244,550.67926,559.321,566.8474,646.90643,672.74634,704.2044,718.1538,492.86072,494.49646,477.43878,115.07623,158.95804,194.54877,204.93646,256.83353,319.836,389.35953,423.7699,432.2945,522.0418,529.82623,569.5863,663.2088,737.68933,287.02426,508.59485,537.6218,390.93842,486.49677,488.80356,436.47363,466.96616,491.49582,394.7956,400.7485,362.14255,338.23212,261.6319,415.7206,450.623,457.74936,485.67303,491.4804,495.57367,519.6125,520.93066,551.08374,489.44394,384.965,361.90012,620.8535,640.8979,673.0785,607.58093,649.17456,760.79285,713.10565,677.32495,639.79486,679.3651,691.886,596.4084,577.77435,518.4082,608.8157,601.2389,589.6316,578.2998,307.18826,301.03812,290.19266,259.90607,282.68173,249.33351,210.17911,252.28116,350.21304,538.19275,508.94714,501.64456,455.24316,590.58966,619.4168,595.1321,563.13043,455.41833,465.54654,343.53775,550.2429,666.4177,694.3153,723.6123,684.895,654.1322,623.9114,503.38306,514.1451,401.90927,479.80695,332.9269,565.7385,327.73022,359.48926,450.3734,641.153,667.3448,560.48694
181.93614,176.4673,154.37192,149.0374,134.91022,132.08981,70.71919,71.0952,70.271034,52.638,48.36216,28.519793,28.83752,14.259896,100.81035,68.521645,88.496315,99.03434,109.28558,96.81286,404.51123,388.9035,336.19366,215.80638,192.68323,386.18073,317.77344,169.71823,189.81201,173.7232,154.05537,128.8745,164.772,186.78688,26.296398,67.101234,70.67164,50.12288,87.74255,94.20926,107.81158,217.62236,235.18504,286.58936,294.84885,263.8975,283.4839,313.7545,341.48196,391.99832,422.47852,395.43103,419.70673,345.8284,411.56107,358.68646,322.43585,354.79053,452.1103,502.31708,510.9588,518.4852,598.54425,624.38416,655.8422,669.7916,444.49857,446.1343,429.07663,66.71408,129.04913,164.63986,175.02756,226.92462,289.9271,359.45062,393.861,402.3856,492.1329,499.9173,521.2242,614.8466,689.32715,238.66211,460.2327,489.25964,342.57626,438.13458,440.4414,388.11145,418.604,443.13367,346.4334,352.38635,313.7804,289.86993,213.26973,367.35846,402.26086,409.3872,437.31088,443.1183,447.21152,471.25034,472.5685,502.72156,441.0818,336.60284,313.53796,580.00525,600.0497,643.1697,577.67206,619.2657,722.7418,664.74347,628.96277,591.4327,631.0029,643.52386,566.4995,547.8655,488.4993,578.9068,571.33,559.72266,548.39087,258.8261,252.67595,241.83049,211.5439,234.31958,200.97134,180.2702,222.37225,320.30414,489.83063,460.585,453.28238,406.88098,542.2275,571.0546,546.7699,514.76825,407.05618,417.1844,313.62885,520.334,636.50885,664.40643,675.2501,636.53284,605.77,575.5492,455.02087,465.7829,353.54712,431.4448,284.56476,517.37634,279.36807,311.1271,402.01126,611.24414,626.4966,530.57806
153.22156,156.83542,125.53439,129.40552,106.07269,112.45793,41.881668,99.93272,41.43351,23.80048,77.19968,28.83752,29.155249,14.577624,71.97284,39.684124,59.6588,100.946526,90.69528,67.975334,375.6737,360.06598,307.35614,186.96886,163.8457,357.3432,288.9359,140.8807,160.97449,144.88568,125.21784,100.03697,135.93448,157.94936,55.13392,95.93875,99.509155,78.960396,116.58006,123.046776,136.6491,188.78484,206.34752,257.75183,266.01132,235.05995,254.64636,284.91696,312.64444,363.1608,393.641,366.5935,390.8692,316.99088,382.72354,329.84894,293.59833,325.953,423.27277,473.47955,482.12128,489.64774,569.7067,595.54663,627.0047,640.9541,415.66104,417.29678,400.2391,95.55159,157.88663,193.47736,203.86505,255.76212,318.7646,388.28812,422.6985,431.22308,520.9704,528.7548,492.38663,586.0091,660.4896,209.82458,431.39517,460.42212,313.73874,409.29706,411.60388,359.27393,389.76648,414.29614,317.5959,323.54883,284.94287,261.0324,184.4322,338.52094,373.42334,380.54968,408.47336,414.28076,418.374,442.4128,443.731,473.88403,412.24426,307.76532,284.70044,551.1677,571.21216,626.01697,606.5095,648.10315,693.9043,635.90594,600.12524,562.59515,602.1654,614.68634,575.6128,576.70294,517.3368,588.02014,600.1675,588.5602,577.2284,229.9886,223.83842,212.99297,182.70638,205.48206,172.13382,209.1077,251.20975,349.14163,460.9931,431.74747,424.44485,378.04346,513.38995,542.2171,517.9324,485.93073,378.21866,388.34686,342.46634,549.1715,665.3463,677.0786,646.4126,607.6953,576.9325,546.7117,426.18335,436.94537,324.7096,402.60727,255.72723,488.53882,250.53055,282.28958,373.17374,640.0816,597.65906,559.4155
167.79918,171.41304,140.11201,143.98314,120.650314,127.03555,56.459293,85.35509,56.011135,38.378105,62.622055,14.259896,14.577624,28.519793,86.55046,54.26175,74.23642,113.294235,105.2729,82.55296,390.25134,374.64362,321.93378,201.5465,178.42334,371.92084,303.51355,155.45834,175.55212,159.46332,139.79549,114.61461,150.51212,172.527,40.556293,81.36113,84.93153,64.382774,102.00244,108.46915,122.071465,203.36247,220.92516,272.32947,280.58896,249.63759,269.224,299.4946,327.22208,377.73843,408.21863,381.17114,405.44684,331.5685,397.30118,344.42657,308.17596,340.53064,437.8504,488.0572,496.6989,504.22537,584.28436,610.12427,641.58234,655.53174,430.23868,431.87442,414.81674,80.97397,143.30902,178.89975,189.28745,241.18451,304.18698,373.7105,408.12088,416.64548,506.3928,514.1772,506.96426,600.58673,675.06726,224.40222,445.9728,474.99976,328.31638,423.8747,426.18152,373.85156,404.34412,428.87378,332.17352,338.12646,299.5205,275.61005,199.00984,353.09857,388.00098,395.12732,423.051,428.8584,432.95163,456.99045,458.30862,488.46167,426.8219,322.34296,299.27808,565.74536,585.7898,640.5946,591.93195,633.5256,708.48193,650.4836,614.7029,577.1728,616.74304,629.264,580.7594,562.12537,502.7592,593.1667,585.5899,573.98254,562.65076,244.56624,238.41606,227.5706,197.28401,220.0597,186.71146,194.53009,236.63214,334.56403,475.57074,446.3251,439.0225,392.6211,527.9676,556.79474,532.51,500.50836,392.7963,402.9245,327.88873,534.5939,650.76874,678.6663,660.99023,622.27295,591.51013,561.2893,440.761,451.523,339.28723,417.1849,270.30487,503.11646,265.1082,296.86722,387.75137,625.504,612.2367,544.83795
225.1944,228.80826,197.50723,201.37836,178.04553,184.43077,113.85451,171.90555,113.40634,95.773315,149.17252,100.81035,71.97284,86.55046,24.628075,32.28871,12.314037,28.97369,18.722446,42.269203,349.96756,334.35983,281.65,161.26273,138.13957,331.63705,263.2298,115.174576,135.26836,119.17956,99.51171,74.33084,110.22835,132.24323,127.10675,60.906796,75.51046,77.88515,115.50482,143.17767,156.77998,163.0787,180.64139,232.04572,240.3052,209.35382,228.94025,259.21082,286.9383,337.45465,367.93484,340.88736,365.1631,291.28473,357.0174,304.14282,267.8922,300.2469,397.56662,447.77344,456.41516,463.9416,544.0006,569.8406,601.2986,615.24805,389.9549,391.59064,374.53296,94.47635,156.8114,192.40213,202.78983,254.68689,317.68936,387.2129,421.62326,430.14786,519.89514,527.67957,466.68045,560.303,634.78345,184.11844,405.68903,434.716,288.0326,383.59094,385.89774,333.5678,364.06033,388.59,291.88977,297.84268,259.23672,235.3263,158.72607,312.8148,347.71716,354.84354,382.7672,388.5746,392.66785,416.70667,418.0248,448.17792,386.53812,282.05917,258.9943,525.4616,545.50604,600.31085,605.4343,647.02795,668.1982,610.1998,574.4191,536.88904,576.4592,588.9802,549.9067,568.5407,516.2616,562.31396,580.98914,587.485,576.15314,204.28246,198.1323,187.28683,157.00024,179.77591,146.42769,208.03247,250.13452,348.0664,435.28693,406.04132,398.73874,352.33734,487.68384,516.511,492.22626,460.2246,352.5125,362.64072,341.3911,548.09625,664.2711,651.37244,620.7065,581.9892,551.2264,521.00555,400.47723,411.23926,299.00348,376.90112,230.02109,462.8327,224.8244,256.58344,347.4676,632.2363,571.95294,558.34033
192.90569,196.51955,165.21852,169.08965,145.75682,152.14206,81.565796,139.61684,81.11763,63.484604,116.8838,68.521645,39.684124,54.26175,32.28871,39.949345,19.974672,61.262398,51.011154,28.291212,335.98956,320.38184,267.672,147.28473,124.16158,317.65906,249.2518,101.19659,121.290375,105.20157,85.53372,60.35285,96.25035,118.26522,94.81804,93.1955,107.799164,110.17386,147.79353,162.7309,176.3332,149.10072,166.6634,218.06773,226.32721,195.37584,214.96225,245.23285,272.96033,323.47668,353.95685,326.90936,351.1851,277.30676,343.03943,290.16486,253.91422,286.26892,383.58862,433.79544,442.43716,449.96362,530.02264,555.86255,587.3206,601.27,375.97693,377.61267,360.555,126.76506,189.1001,224.69083,235.07852,286.9756,349.97806,419.5016,453.91196,462.43655,552.18384,559.96826,452.70248,546.325,620.80554,170.14046,391.71106,420.73798,274.05463,369.61295,371.91977,319.58984,350.08234,374.612,277.91177,283.8647,245.25873,221.3483,144.74808,298.8368,333.7392,340.86554,368.7892,374.59662,378.68985,402.72867,404.04684,434.19992,372.56012,268.08118,245.01631,511.48364,531.5281,586.3329,637.723,679.31665,654.2202,596.22186,560.44116,522.9111,562.4813,575.0022,535.9287,554.56274,548.5503,548.336,567.01117,578.6185,589.9503,190.30447,184.1543,173.30884,143.02225,165.79793,132.4497,240.32117,282.42322,380.3551,421.30896,392.06335,384.7607,338.3593,473.7058,502.53296,478.24826,446.2466,338.53455,348.66275,373.6798,580.38495,665.2921,637.39453,606.7285,568.0112,537.2484,507.0276,386.49924,397.26126,285.02548,362.92313,216.04312,448.85468,210.84644,242.60547,333.48962,618.2584,557.975,571.8502
212.88036,216.49422,185.19319,189.06432,165.73149,172.11673,101.54047,159.5915,101.0923,83.459274,136.85847,88.496315,59.6588,74.23642,12.314037,19.974672,24.628075,41.287727,31.036484,29.955168,337.65353,322.0458,269.33597,148.9487,125.82554,319.32303,250.91577,102.86054,122.95433,106.865524,87.19768,62.016808,97.91431,119.92918,114.79271,73.22083,87.82449,90.19919,127.81886,155.4917,169.09402,150.76466,168.32735,219.73167,227.99115,197.03978,216.62619,246.89679,274.62427,325.14062,355.6208,328.5733,352.84903,278.9707,344.70337,291.8288,255.57816,287.93286,385.25256,435.45938,444.1011,451.62756,531.6866,557.5265,588.98456,602.93396,377.64087,379.2766,362.21893,106.79039,169.12543,204.71616,215.10385,267.00092,330.0034,399.52692,433.9373,442.46188,532.2092,539.9936,454.36642,547.98895,622.4695,171.80441,393.375,422.40198,275.71857,371.27692,373.5837,321.25378,351.74628,376.27594,279.5757,285.52866,246.9227,223.01227,146.41205,300.50076,335.40314,342.5295,370.4532,376.26056,380.35382,404.39264,405.7108,435.8639,374.2241,269.74515,246.68027,513.1476,533.192,587.9968,617.74835,659.342,655.88416,597.8858,562.1051,524.575,564.14526,576.66614,537.59265,556.2267,528.57556,549.99994,568.6751,580.2825,588.46716,191.96843,185.81827,174.97281,144.68622,167.46188,134.11365,220.3465,262.44855,360.38043,422.9729,393.7273,386.4247,340.02332,475.3698,504.1969,479.9122,447.91055,340.1985,350.3267,353.70514,560.4103,666.95605,639.0585,608.39246,569.6752,538.91235,508.69153,388.16318,398.9252,286.68942,364.5871,217.70706,450.51868,212.51038,244.26941,335.15356,619.92236,559.6389,570.65436
254.16808,257.78195,226.48091,230.35204,207.01921,213.40445,142.82819,170.12955,142.38002,124.747,147.3965,99.03434,100.946526,113.294235,28.97369,61.262398,41.287727,20.502485,10.251243,71.2429,378.94125,363.33353,310.6237,190.23642,167.11327,360.61075,292.2035,144.14827,164.24205,148.15326,128.48541,103.304535,139.20204,161.21692,125.33074,31.933107,46.53677,48.91146,86.53113,114.20397,127.80629,192.0524,209.61508,261.0194,269.2789,238.32751,257.91394,288.1845,315.912,366.42834,396.90854,369.86105,394.13678,320.25842,385.9911,333.11652,296.8659,329.22058,426.5403,476.74713,485.38885,492.91528,572.9743,598.8142,630.2723,644.2217,418.9286,420.56433,403.50665,65.502655,127.8377,163.42842,173.81612,225.7132,288.71567,358.2392,392.64957,401.17416,490.92148,498.70587,495.65414,589.2767,663.7572,213.09213,434.66272,463.6897,317.0063,412.56464,414.87143,362.5415,393.03403,417.5637,320.86346,326.81638,288.21042,264.3,187.69977,341.78848,376.69086,383.81723,411.7409,417.54828,421.64154,445.68036,446.9985,477.1516,415.5118,311.03287,287.968,554.4353,574.47974,629.28455,576.46063,618.05426,697.1719,639.1735,603.3928,565.86273,605.433,617.95386,565.2881,546.65405,487.28787,577.6954,570.1186,558.5112,547.17944,233.25615,227.10599,216.26053,185.97394,208.7496,175.40138,179.05876,221.16081,319.0927,464.26062,435.015,427.71243,381.31104,516.65753,545.4847,521.19995,489.1983,381.4862,391.6144,312.41742,519.12256,635.2974,663.195,649.6802,610.9629,580.2001,549.97925,429.45093,440.21295,327.97717,405.87482,258.99478,491.8064,253.7981,285.55713,376.44128,610.0327,600.92664,529.36664
243.91684,247.5307,216.22968,220.1008,196.76797,203.15321,132.57695,180.38078,132.12878,114.49576,157.64774,109.28558,90.69528,105.2729,18.722446,51.011154,31.036484,10.251243,20.502485,60.991653,368.69,353.08228,300.37244,179.98518,156.86203,350.3595,281.95227,133.89703,153.99081,137.90201,118.23417,93.0533,128.9508,150.96568,135.58199,42.18435,56.788013,59.162704,96.78238,124.45522,138.05754,181.80116,199.36385,250.76817,259.02765,228.07628,247.66269,277.9333,305.66077,356.17712,386.6573,359.6098,383.88553,310.0072,375.73987,322.8653,286.61465,318.96936,416.28906,466.49588,475.1376,482.66406,562.7231,588.563,620.02106,633.97046,408.67737,410.3131,393.25543,75.75391,138.08896,173.67969,184.06738,235.96445,298.96692,368.49045,402.90082,411.4254,501.17273,508.95715,485.40292,579.02545,653.506,202.84091,424.4115,453.43842,306.75507,402.31342,404.6202,352.29028,382.78278,407.31244,310.6122,316.56512,277.9592,254.04875,177.44853,331.53723,366.43964,373.56598,401.48965,407.29706,411.3903,435.4291,436.74728,466.9004,405.26056,300.78162,277.71677,544.1841,564.2285,619.0333,586.7119,628.30554,686.92065,628.9223,593.1416,555.6115,595.18176,607.70264,568.62915,556.90533,497.53912,581.03644,580.3699,568.7625,557.4307,223.00493,216.85475,206.0093,175.7227,198.49838,165.15015,189.31003,231.41208,329.34396,454.0094,424.7638,417.46118,371.05978,506.40625,535.2334,510.9487,478.94705,371.235,381.3632,322.66867,529.3738,645.5487,670.095,639.42896,600.7117,569.94885,539.728,419.19968,429.9617,317.72592,395.62357,248.74356,481.55515,243.54688,275.3059,366.19006,620.28394,590.6754,539.6179
221.1969,224.81076,193.50974,197.38086,174.04803,180.43327,109.85701,167.90805,109.408844,91.77582,145.17502,96.81286,67.975334,82.55296,42.269203,28.291212,29.955168,71.2429,60.991653,56.582424,307.69836,292.09064,239.3808,118.99353,95.87038,289.36786,220.9606,72.90538,92.99916,76.910355,57.242516,32.06164,67.959145,89.974014,123.10925,103.176,117.77966,120.15436,157.77403,185.44687,199.0492,120.80951,138.3722,189.77652,198.03601,167.08463,186.67105,216.94162,244.66911,295.1855,325.66565,298.61816,322.89386,249.01555,314.74823,261.87363,225.623,257.9777,355.29742,405.5042,414.14594,421.67242,501.73145,527.5714,559.0294,572.9789,347.68573,349.32147,332.2638,136.74556,199.0806,234.67133,245.05902,296.9561,359.95856,429.4821,463.89246,472.41705,562.16437,569.9488,424.4113,518.0338,592.5143,141.84924,363.41986,392.44678,245.76341,341.32175,343.62857,291.2986,321.79114,346.3208,249.62056,255.57349,216.96753,193.0571,116.45688,270.5456,305.448,312.57434,340.49802,346.30542,350.39865,374.43747,375.75565,405.90872,344.26892,239.78998,216.7251,483.19244,503.23682,558.0416,623.5392,654.2441,625.929,567.93066,532.14996,494.61987,534.19006,546.71106,507.6375,526.27155,558.53076,520.0448,538.72,550.3273,561.6591,162.01326,155.8631,145.01764,114.73105,137.50671,104.15849,250.30167,292.40372,390.3356,393.01776,363.77216,356.4695,310.0681,445.4146,474.24176,449.95703,417.95538,310.24335,320.37155,383.6603,590.3655,637.0009,609.1033,578.4373,539.72003,508.95724,478.7364,358.208,368.97003,256.73425,334.63193,187.75189,420.56348,182.5552,214.31425,305.19843,589.96716,529.6837,543.55896
502.84586,506.45972,475.1587,479.02982,455.697,462.08224,391.50598,493.5308,377.15512,394.78815,470.79776,422.4356,393.59808,408.17572,367.89194,353.91394,355.5779,396.86563,386.6144,325.62274,31.215425,15.607713,68.31756,206.62923,248.35492,18.569721,86.73776,271.31992,291.4137,248.71239,268.38025,293.5611,279.09686,301.11172,448.732,428.79874,443.4024,445.7771,483.39676,511.0696,524.67194,298.96762,316.53027,367.93463,376.1941,345.24274,364.82913,395.09973,422.8272,473.34357,466.67465,439.62717,415.35147,427.17365,471.4817,440.03174,403.7811,436.1358,512.0309,562.2377,570.8794,578.4059,658.4649,684.3048,715.7629,729.7123,422.40945,436.90845,453.96613,462.3683,524.70337,560.29407,570.68176,622.57886,685.5813,755.10486,789.51526,798.03986,774.6506,766.86615,290.18845,674.7673,714.1796,109.85854,380.44724,444.0596,309.87762,405.43597,425.8329,420.50897,462.7733,472.4105,385.46426,351.7544,313.14844,289.23798,268.9414,136.32275,171.22514,178.3515,206.27518,212.08258,216.17581,240.21465,241.5328,299.65652,361.29633,298.34857,267.3344,639.9259,659.9703,714.7751,780.27264,810.97754,747.5943,634.0305,598.2498,560.7197,600.29,612.8109,664.371,683.005,742.3712,676.77826,695.4534,707.0608,718.3926,212.62257,230.35309,241.19855,229.49423,188.11603,282.3166,575.92444,618.0265,715.9584,258.79492,431.0978,408.08234,374.1823,497.02744,548.3749,572.6596,558.93756,439.4537,449.0899,709.2831,774.2059,793.7344,765.8368,735.1708,696.4535,665.6907,635.46985,499.1902,495.05972,53.367474,200.40909,238.3612,472.1763,360.71332,392.47235,483.3565,746.70056,686.4172,700.2924
487.23813,490.852,459.55096,463.4221,440.08926,446.47452,375.89825,477.92307,361.5474,379.18042,455.19003,406.82788,377.99036,392.568,352.2842,338.3062,339.97018,381.2579,371.00668,310.015,15.607713,31.215425,52.709846,191.0215,232.7472,34.177433,71.13005,255.71219,275.80597,233.10466,252.7725,277.95337,263.48914,285.504,433.12427,413.191,427.79468,430.16937,467.78903,495.46188,509.0642,283.3599,300.92255,352.3269,360.58636,329.635,349.2214,379.492,407.21948,457.73584,451.06693,424.01944,399.74374,411.56592,455.87396,424.424,388.17337,420.52808,496.4232,546.63,555.2717,562.79816,642.85724,668.69714,700.1552,714.1046,406.80173,421.30072,438.3584,446.76056,509.0956,544.68634,555.07404,606.97107,669.9736,739.49713,773.90753,782.4321,759.0429,751.2585,274.58072,659.1596,698.57196,94.25083,364.8395,428.45187,294.2699,389.82825,410.22516,404.90125,447.16556,456.80276,369.85654,336.14667,297.5407,273.63025,253.33368,120.71504,155.61743,162.74379,190.66747,196.47485,200.5681,224.60693,225.92508,284.0488,345.6886,282.74084,251.72668,624.31824,644.3626,699.1674,764.665,795.3699,731.98663,618.42285,582.64215,545.11206,584.6823,597.20325,648.7633,667.39734,726.76355,661.1706,679.84576,691.4531,702.7849,197.01485,214.74536,225.59082,213.8865,172.5083,266.70886,560.31665,602.4187,700.35065,243.1872,415.49008,392.4746,358.5746,481.4197,532.7671,557.0518,543.32983,423.84598,433.48218,693.67535,758.5982,778.1267,750.2291,719.5631,680.8458,650.083,619.8622,483.58246,479.452,68.97519,184.80138,222.75348,456.56857,345.1056,376.86462,467.74878,731.0929,670.8095,684.68475
434.5283,438.14215,406.84113,410.71225,387.37943,393.76468,323.18842,425.21323,308.83755,326.47058,402.4802,354.11804,325.28052,339.85815,299.57437,285.59637,287.26035,328.54807,318.29684,257.30518,68.31756,52.709846,36.84041,138.31166,180.03735,86.82748,18.420204,203.00235,223.09613,180.39482,200.06267,225.24353,210.7793,232.79416,380.41443,360.48117,375.08484,377.45953,415.0792,442.75204,456.35437,230.65005,248.21274,299.61707,307.87656,276.92517,296.5116,326.78217,354.50964,405.026,398.3571,371.3096,347.0339,358.85608,403.16412,371.71417,335.46356,367.81824,443.71335,493.92014,502.56186,510.08832,590.1474,615.9873,647.4454,661.3948,354.0919,368.59088,385.64856,394.05072,456.38577,491.9765,502.3642,554.2612,617.26373,686.7873,721.1977,729.7223,706.33307,698.54865,221.8709,606.44977,645.86206,41.540985,312.12967,375.74203,241.56007,337.1184,357.51532,352.1914,394.45572,404.09293,317.1467,283.43683,244.83087,220.92043,200.62384,68.0052,102.90759,110.03395,137.95763,143.76501,147.85826,171.8971,173.21524,231.33896,292.97876,230.03102,199.01685,571.6084,591.6528,646.4576,711.95514,742.66003,679.27673,565.71295,529.9323,492.4022,531.9724,544.49335,596.05347,614.6875,674.0537,608.46075,627.1359,638.7433,650.0751,144.30501,162.03552,172.88098,161.17667,119.79846,213.99904,507.60684,549.70886,647.6408,190.47736,362.78024,339.76477,305.86475,428.70987,480.05728,504.34198,490.62,371.13614,380.77234,640.9655,705.88837,725.4169,697.5193,666.8533,628.136,597.37317,567.15234,430.87262,426.74216,54.193867,132.09154,170.04364,403.85873,292.39575,324.1548,415.03894,678.38306,618.0997,631.9749
296.21664,299.8305,268.52948,272.4006,249.06778,255.45303,184.87674,286.90158,170.52591,188.15894,264.16855,215.80638,186.96886,201.5465,161.26273,147.28473,148.9487,190.23642,179.98518,118.99353,188.70483,173.0971,120.38727,37.026386,41.725693,170.37433,101.967064,64.69069,84.78447,42.083168,61.75101,86.931885,72.46764,94.48251,242.10278,222.16953,236.7732,239.14789,276.76755,304.4404,318.04272,92.33841,109.90109,161.30542,169.56491,138.61353,158.19995,188.47052,216.19801,266.71436,297.19455,270.14706,294.4228,220.54445,286.2771,233.40253,197.1519,229.50659,326.82632,377.03314,385.67487,393.2013,473.2603,499.10025,530.5583,544.5077,319.2146,320.85034,303.79266,255.73909,318.07413,353.66486,364.05255,415.94962,478.9521,548.47565,582.886,591.4106,589.446,581.66156,305.41776,489.56265,564.0432,57.94783,252.37564,286.95813,140.27481,235.83313,256.23007,250.90614,293.17044,317.8497,215.86143,182.15157,143.54561,119.635155,62.312195,151.55206,186.45445,193.58081,221.50449,227.31189,231.40512,255.44395,256.76212,294.86447,233.22473,128.74576,97.731575,454.7213,474.76575,529.57056,595.0681,625.77295,597.4579,539.45953,503.67883,466.14874,505.71896,518.23987,479.16638,497.8004,557.1667,491.57367,510.24884,521.8562,533.188,43.019737,60.750244,71.5957,22.86502,18.513193,75.68739,369.2952,411.39725,509.32913,274.02423,335.30103,250.9809,204.5795,339.92596,391.27338,415.55807,389.33472,269.85086,279.48706,502.65384,589.00134,608.5298,580.6322,549.9662,511.2489,480.4861,450.26526,329.58734,340.49896,137.74072,215.6384,68.75838,315.07486,154.0841,185.84315,276.7273,561.4961,501.21265,515.0879
317.06726,320.68115,289.38013,293.25122,269.9184,276.30365,205.72739,263.77844,197.7645,187.6462,241.0454,192.68323,163.8457,178.42334,138.13957,124.16158,125.82554,167.11327,156.86203,95.87038,230.43053,214.8228,162.11296,41.725693,37.721344,212.10002,143.69275,22.964996,43.05878,83.80886,88.9896,63.80873,99.70624,121.72111,218.97963,199.04637,213.65004,216.02472,253.6444,281.31723,294.91956,50.612717,68.1754,119.57973,127.8392,96.88783,116.47424,146.74483,174.47232,224.98868,255.46886,228.42137,252.69708,178.81876,244.55142,191.67683,155.42621,187.7809,285.10062,335.30743,343.94916,351.47562,431.53464,457.37457,488.83264,502.78204,277.48892,279.12466,262.067,232.61592,294.95096,330.5417,340.92938,392.82645,455.82892,525.3525,559.7628,568.2874,547.7203,539.93585,340.56964,447.83698,522.3175,99.67352,267.54947,296.57642,149.89304,245.45137,265.84833,221.10182,251.59435,276.124,179.42377,159.70311,121.09716,97.18672,20.586502,193.27776,228.18015,235.3065,263.23016,269.0376,273.1308,297.16962,298.4878,310.03833,248.39854,143.9196,132.43507,412.99564,433.04004,487.84485,553.3424,584.04724,555.7322,497.73383,461.95316,424.42303,463.9933,476.51422,437.4407,456.07474,515.441,449.848,468.52316,480.1305,491.4623,77.723236,59.99272,49.147263,18.860672,60.238884,33.961697,346.17203,388.27408,486.20596,315.74994,293.57535,260.59915,214.19775,349.54425,400.89166,379.76025,347.7586,240.04654,250.17476,479.53067,547.27563,566.8041,538.9065,508.2405,469.52322,438.76044,408.53958,288.01123,298.77325,179.46642,257.36407,103.461876,324.6931,112.35841,144.11746,235.00162,519.7704,459.48694,473.36218
